 0.000	 0.000	 1.000	50.000	-1.000
 0.025	 0.025	 1.000	49.975	-1.245
 0.050	 0.050	 1.000	49.944	-1.490
 0.075	 0.075	 1.000	49.907	-1.736
 0.100	 0.100	 1.000	49.863	-1.981
 0.125	 0.125	 1.000	49.814	-2.226
 0.150	 0.150	 1.000	49.758	-2.472
 0.175	 0.175	 1.000	49.696	-2.717
 0.200	 0.200	 1.000	49.628	-2.962
 0.225	 0.225	 1.000	49.554	-3.207
 0.250	 0.250	 1.000	49.474	-3.453
 0.275	 0.275	 1.000	49.388	-3.698
 0.300	 0.300	 1.000	49.295	-3.943
 0.325	 0.325	 1.000	49.197	-4.188
 0.350	 0.350	 1.000	49.092	-4.434
 0.375	 0.375	 1.000	48.981	-4.679
 0.400	 0.400	 1.000	48.864	-4.924
 0.425	 0.425	 1.000	48.741	-5.169
 0.450	 0.450	 1.000	48.612	-5.415
 0.475	 0.475	 1.000	48.477	-5.660
 0.500	 0.500	 1.000	48.335	-5.905
 0.525	 0.525	 1.000	48.187	-6.150
 0.550	 0.550	 1.000	48.034	-6.396
 0.575	 0.575	 1.000	47.874	-6.641
 0.600	 0.600	 1.000	47.708	-6.886
 0.625	 0.625	 1.000	47.536	-7.131
 0.650	 0.650	 1.000	47.357	-7.377
 0.675	 0.675	 1.000	47.173	-7.622
 0.700	 0.700	 1.000	46.982	-7.867
 0.725	 0.725	 1.000	46.786	-8.112
 0.750	 0.750	 1.000	46.583	-8.358
 0.775	 0.775	 1.000	46.374	-8.603
 0.800	 0.800	 1.000	46.159	-8.848
 0.825	 0.825	 1.000	45.938	-9.093
 0.850	 0.850	 1.000	45.710	-9.339
 0.875	 0.875	 1.000	45.477	-9.584
 0.900	 0.900	 1.000	45.237	-9.829
 0.925	 0.925	 1.000	44.992	-10.074
 0.950	 0.950	 1.000	44.740	-10.320
 0.975	 0.975	 1.000	44.482	-10.565
 1.000	 1.000	 1.000	44.218	-10.810
 1.025	 1.025	 1.000	43.947	-11.055
 1.050	 1.050	 1.000	43.671	-11.301
 1.075	 1.075	 1.000	43.388	-11.546
 1.100	 1.100	 1.000	43.100	-11.791
 1.125	 1.125	 1.000	42.805	-12.036
 1.150	 1.150	 1.000	42.504	-12.282
 1.175	 1.175	 1.000	42.197	-12.527
 1.200	 1.200	 1.000	41.884	-12.772
 1.225	 1.225	 1.000	41.565	-13.017
 1.250	 1.250	 1.000	41.239	-13.262
 1.275	 1.275	 1.000	40.908	-13.508
 1.300	 1.300	 1.000	40.570	-13.753
 1.325	 1.325	 1.000	40.226	-13.998
 1.350	 1.350	 1.000	39.876	-14.243
 1.375	 1.375	 1.000	39.520	-14.489
 1.400	 1.400	 1.000	39.158	-14.734
 1.425	 1.425	 1.000	38.790	-14.979
 1.450	 1.450	 1.000	38.415	-15.224
 1.475	 1.475	 1.000	38.034	-15.470
 1.500	 1.500	 1.000	37.648	-15.715
 1.525	 1.525	 1.000	37.255	-15.960
 1.550	 1.550	 1.000	36.856	-16.205
 1.575	 1.575	 1.000	36.451	-16.451
 1.600	 1.600	 1.000	36.039	-16.696
 1.625	 1.625	 1.000	35.622	-16.941
 1.650	 1.650	 1.000	35.198	-17.186
 1.675	 1.675	 1.000	34.769	-17.432
 1.700	 1.700	 1.000	34.333	-17.677
 1.725	 1.725	 1.000	33.891	-17.922
 1.750	 1.750	 1.000	33.443	-18.167
 1.775	 1.775	 1.000	32.989	-18.413
 1.800	 1.800	 1.000	32.529	-18.658
 1.825	 1.825	 1.000	32.062	-18.903
 1.850	 1.850	 1.000	31.589	-19.148
 1.875	 1.875	 1.000	31.111	-19.394
 1.900	 1.900	 1.000	30.626	-19.639
 1.925	 1.925	 1.000	30.135	-19.884
 1.950	 1.950	 1.000	29.638	-20.129
 1.975	 1.975	 1.000	29.135	-20.375
 2.000	 2.000	 1.000	28.625	-20.620
 2.025	 2.025	 1.000	28.110	-20.865
 2.050	 2.050	 1.000	27.588	-21.110
 2.075	 2.075	 1.000	27.060	-21.356
 2.100	 2.100	 1.000	26.526	-21.601
 2.125	 2.125	 1.000	25.986	-21.846
 2.150	 2.150	 1.000	25.440	-22.091
 2.175	 2.175	 1.000	24.888	-22.337
 2.200	 2.200	 1.000	24.330	-22.582
 2.225	 2.225	 1.000	23.765	-22.827
 2.250	 2.250	 1.000	23.194	-23.072
 2.275	 2.275	 1.000	22.618	-23.318
 2.300	 2.300	 1.000	22.035	-23.563
 2.325	 2.325	 1.000	21.446	-23.808
 2.350	 2.350	 1.000	20.850	-24.053
 2.375	 2.375	 1.000	20.249	-24.299
 2.400	 2.400	 1.000	19.642	-24.544
 2.425	 2.425	 1.000	19.028	-24.789
 2.450	 2.450	 1.000	18.408	-25.034
 2.475	 2.475	 1.000	17.782	-25.280
 2.500	 2.500	 1.000	17.150	-25.525
 2.525	 2.525	 1.000	16.512	-25.770
 2.550	 2.550	 1.000	15.868	-26.015
 2.575	 2.575	 1.000	15.218	-26.261
 2.600	 2.600	 1.000	14.561	-26.506
 2.625	 2.625	 1.000	13.898	-26.751
 2.650	 2.650	 1.000	13.230	-26.996
 2.675	 2.675	 1.000	12.555	-27.242
 2.700	 2.700	 1.000	11.874	-27.487
 2.725	 2.725	 1.000	11.186	-27.732
 2.750	 2.750	 1.000	10.493	-27.977
 2.775	 2.775	 1.000	 9.794	-28.223
 2.800	 2.800	 1.000	 9.088	-28.468
 2.825	 2.825	 1.000	 8.376	-28.713
 2.850	 2.850	 1.000	 7.659	-28.958
 2.875	 2.875	 1.000	 6.935	-29.204
 2.900	 2.900	 1.000	 6.205	-29.449
 2.925	 2.925	 1.000	 5.468	-29.694
 2.950	 2.950	 1.000	 4.726	-29.939
 2.975	 2.975	 1.000	 3.977	-30.185
 3.000	 3.000	 1.000	 3.223	-30.430
 3.025	 3.025	 1.000	 2.462	-30.675
 3.050	 3.050	 1.000	 1.695	-30.920
 3.075	 3.075	 1.000	 0.922	-31.166
 3.100	 3.100	 1.000	 0.143	29.607
 3.125	 3.125	 1.000	 0.883	29.362
 3.150	 3.150	 1.000	 1.617	29.117
 3.175	 3.175	 1.000	 2.345	28.872
 3.200	 3.200	 1.000	 3.067	28.626
 3.225	 3.225	 1.000	 3.783	28.381
 3.250	 3.250	 1.000	 4.492	28.136
 3.275	 3.275	 1.000	 5.196	27.891
 3.300	 3.300	 1.000	 5.893	27.645
 3.325	 3.325	 1.000	 6.584	27.400
 3.350	 3.350	 1.000	 7.269	27.155
 3.375	 3.375	 1.000	 7.948	26.910
 3.400	 3.400	 1.000	 8.621	26.664
 3.425	 3.425	 1.000	 9.287	26.419
 3.450	 3.450	 1.000	 9.948	26.174
 3.475	 3.475	 1.000	10.602	25.929
 3.500	 3.500	 1.000	11.250	25.683
 3.525	 3.525	 1.000	11.892	25.438
 3.550	 3.550	 1.000	12.528	25.193
 3.575	 3.575	 1.000	13.158	24.948
 3.600	 3.600	 1.000	13.782	24.702
 3.625	 3.625	 1.000	14.399	24.457
 3.650	 3.650	 1.000	15.011	24.212
 3.675	 3.675	 1.000	15.616	23.967
 3.700	 3.700	 1.000	16.215	23.721
 3.725	 3.725	 1.000	16.808	23.476
 3.750	 3.750	 1.000	17.395	23.231
 3.775	 3.775	 1.000	17.976	22.986
 3.800	 3.800	 1.000	18.551	22.740
 3.825	 3.825	 1.000	19.119	22.495
 3.850	 3.850	 1.000	19.682	22.250
 3.875	 3.875	 1.000	20.238	22.005
 3.900	 3.900	 1.000	20.788	21.759
 3.925	 3.925	 1.000	21.332	21.514
 3.950	 3.950	 1.000	21.870	21.269
 3.975	 3.975	 1.000	22.402	21.024
 4.000	 4.000	 1.000	22.927	20.778
 4.025	 4.025	 1.000	23.447	20.533
 4.050	 4.050	 1.000	23.960	20.288
 4.075	 4.075	 1.000	24.467	20.043
 4.100	 4.100	 1.000	24.968	19.797
 4.125	 4.125	 1.000	25.463	19.552
 4.150	 4.150	 1.000	25.952	19.307
 4.175	 4.175	 1.000	26.435	19.062
 4.200	 4.200	 1.000	26.911	18.816
 4.225	 4.225	 1.000	27.382	18.571
 4.250	 4.250	 1.000	27.846	18.326
 4.275	 4.275	 1.000	28.304	18.081
 4.300	 4.300	 1.000	28.756	17.835
 4.325	 4.325	 1.000	29.202	17.590
 4.350	 4.350	 1.000	29.642	17.345
 4.375	 4.375	 1.000	30.075	17.100
 4.400	 4.400	 1.000	30.503	16.854
 4.425	 4.425	 1.000	30.924	16.609
 4.450	 4.450	 1.000	31.339	16.364
 4.475	 4.475	 1.000	31.748	16.119
 4.500	 4.500	 1.000	32.151	15.873
 4.525	 4.525	 1.000	32.548	15.628
 4.550	 4.550	 1.000	32.939	15.383
 4.575	 4.575	 1.000	33.324	15.138
 4.600	 4.600	 1.000	33.702	14.892
 4.625	 4.625	 1.000	34.074	14.647
 4.650	 4.650	 1.000	34.440	14.402
 4.675	 4.675	 1.000	34.801	14.157
 4.700	 4.700	 1.000	35.154	13.911
 4.725	 4.725	 1.000	35.502	13.666
 4.750	 4.750	 1.000	35.844	13.421
 4.775	 4.775	 1.000	36.179	13.176
 4.800	 4.800	 1.000	36.509	12.930
 4.825	 4.825	 1.000	36.832	12.685
 4.850	 4.850	 1.000	37.149	12.440
 4.875	 4.875	 1.000	37.460	12.195
 4.900	 4.900	 1.000	37.765	11.949
 4.925	 4.925	 1.000	38.064	11.704
 4.950	 4.950	 1.000	38.356	11.459
 4.975	 4.975	 1.000	38.643	11.214
 5.000	 5.000	 1.000	38.923	10.968
 5.025	 5.025	 1.000	39.197	10.723
 5.050	 5.050	 1.000	39.465	10.478
 5.075	 5.075	 1.000	39.727	10.233
 5.100	 5.100	 1.000	39.983	 9.987
 5.125	 5.125	 1.000	40.233	 9.742
 5.150	 5.150	 1.000	40.477	 9.497
 5.175	 5.175	 1.000	40.714	 9.252
 5.200	 5.200	 1.000	40.945	 9.006
 5.225	 5.225	 1.000	41.170	 8.761
 5.250	 5.250	 1.000	41.389	 8.516
 5.275	 5.275	 1.000	41.602	 8.271
 5.300	 5.300	 1.000	41.809	 8.025
 5.325	 5.325	 1.000	42.010	 7.780
 5.350	 5.350	 1.000	42.204	 7.535
 5.375	 5.375	 1.000	42.393	 7.290
 5.400	 5.400	 1.000	42.575	 7.044
 5.425	 5.425	 1.000	42.751	 6.799
 5.450	 5.450	 1.000	42.921	 6.554
 5.475	 5.475	 1.000	43.085	 6.309
 5.500	 5.500	 1.000	43.242	 6.063
 5.525	 5.525	 1.000	43.394	 5.818
 5.550	 5.550	 1.000	43.540	 5.573
 5.575	 5.575	 1.000	43.679	 5.328
 5.600	 5.600	 1.000	43.812	 5.082
 5.625	 5.625	 1.000	43.939	 4.837
 5.650	 5.650	 1.000	44.060	 4.592
 5.675	 5.675	 1.000	44.175	 4.347
 5.700	 5.700	 1.000	44.284	 4.101
 5.725	 5.725	 1.000	44.386	 3.856
 5.750	 5.750	 1.000	44.482	 3.611
 5.775	 5.775	 1.000	44.573	 3.366
 5.800	 5.800	 1.000	44.657	 3.120
 5.825	 5.825	 1.000	44.735	 2.875
 5.850	 5.850	 1.000	44.807	 2.630
 5.875	 5.875	 1.000	44.873	 2.385
 5.900	 5.900	 1.000	44.932	 2.139
 5.925	 5.925	 1.000	44.986	 1.894
 5.950	 5.950	 1.000	45.033	 1.649
 5.975	 5.975	 1.000	45.074	 1.404
 6.000	 6.000	 1.000	45.109	 1.158
 6.025	 6.025	 1.000	45.138	 0.913
 6.050	 6.050	 1.000	45.161	 0.668
 6.075	 6.075	 1.000	45.178	 0.423
 6.100	 6.100	 1.000	45.188	 0.177
 6.125	 6.125	 1.000	45.193	-0.068
 6.150	 6.150	 1.000	45.191	-0.313
 6.175	 6.175	 1.000	45.183	-0.558
 6.200	 6.200	 1.000	45.169	-0.804
 6.225	 6.225	 1.000	45.149	-1.049
 6.250	 6.250	 1.000	45.123	-1.294
 6.275	 6.275	 1.000	45.091	-1.539
 6.300	 6.300	 1.000	45.052	-1.785
 6.325	 6.325	 1.000	45.008	-2.030
 6.350	 6.350	 1.000	44.957	-2.275
 6.375	 6.375	 1.000	44.900	-2.520
 6.400	 6.400	 1.000	44.837	-2.766
 6.425	 6.425	 1.000	44.768	-3.011
 6.450	 6.450	 1.000	44.693	-3.256
 6.475	 6.475	 1.000	44.611	-3.501
 6.500	 6.500	 1.000	44.524	-3.747
 6.525	 6.525	 1.000	44.430	-3.992
 6.550	 6.550	 1.000	44.330	-4.237
 6.575	 6.575	 1.000	44.224	-4.482
 6.600	 6.600	 1.000	44.112	-4.728
 6.625	 6.625	 1.000	43.994	-4.973
 6.650	 6.650	 1.000	43.870	-5.218
 6.675	 6.675	 1.000	43.739	-5.463
 6.700	 6.700	 1.000	43.603	-5.709
 6.725	 6.725	 1.000	43.460	-5.954
 6.750	 6.750	 1.000	43.311	-6.199
 6.775	 6.775	 1.000	43.156	-6.444
 6.800	 6.800	 1.000	42.995	-6.690
 6.825	 6.825	 1.000	42.828	-6.935
 6.850	 6.850	 1.000	42.654	-7.180
 6.875	 6.875	 1.000	42.475	-7.425
 6.900	 6.900	 1.000	42.289	-7.671
 6.925	 6.925	 1.000	42.097	-7.916
 6.950	 6.950	 1.000	41.900	-8.161
 6.975	 6.975	 1.000	41.696	-8.406
 7.000	 7.000	 1.000	41.485	-8.652
 7.025	 7.025	 1.000	41.269	-8.897
 7.050	 7.050	 1.000	41.047	-9.142
 7.075	 7.075	 1.000	40.818	-9.387
 7.100	 7.100	 1.000	40.583	-9.633
 7.125	 7.125	 1.000	40.343	-9.878
 7.150	 7.150	 1.000	40.096	-10.123
 7.175	 7.175	 1.000	39.843	-10.368
 7.200	 7.200	 1.000	39.583	-10.614
 7.225	 7.225	 1.000	39.318	-10.859
 7.250	 7.250	 1.000	39.047	-11.104
 7.275	 7.275	 1.000	38.769	-11.349
 7.300	 7.300	 1.000	38.485	-11.595
 7.325	 7.325	 1.000	38.195	-11.840
 7.350	 7.350	 1.000	37.899	-12.085
 7.375	 7.375	 1.000	37.597	-12.330
 7.400	 7.400	 1.000	37.289	-12.576
 7.425	 7.425	 1.000	36.975	-12.821
 7.450	 7.450	 1.000	36.654	-13.066
 7.475	 7.475	 1.000	36.327	-13.311
 7.500	 7.500	 1.000	35.995	-13.557
 7.525	 7.525	 1.000	35.656	-13.802
 7.550	 7.550	 1.000	35.311	-14.047
 7.575	 7.575	 1.000	34.960	-14.292
 7.600	 7.600	 1.000	34.602	-14.538
 7.625	 7.625	 1.000	34.239	-14.783
 7.650	 7.650	 1.000	33.869	-15.028
 7.675	 7.675	 1.000	33.494	-15.273
 7.700	 7.700	 1.000	33.112	-15.519
 7.725	 7.725	 1.000	32.724	-15.764
 7.750	 7.750	 1.000	32.330	-16.009
 7.775	 7.775	 1.000	31.929	-16.254
 7.800	 7.800	 1.000	31.523	-16.500
 7.825	 7.825	 1.000	31.111	-16.745
 7.850	 7.850	 1.000	30.692	-16.990
 7.875	 7.875	 1.000	30.267	-17.235
 7.900	 7.900	 1.000	29.836	-17.481
 7.925	 7.925	 1.000	29.399	-17.726
 7.950	 7.950	 1.000	28.956	-17.971
 7.975	 7.975	 1.000	28.507	-18.216
 8.000	 8.000	 1.000	28.051	-18.462
 8.025	 8.025	 1.000	27.590	-18.707
 8.050	 8.050	 1.000	27.122	-18.952
 8.075	 8.075	 1.000	26.648	-19.197
 8.100	 8.100	 1.000	26.169	-19.443
 8.125	 8.125	 1.000	25.682	-19.688
 8.150	 8.150	 1.000	25.190	-19.933
 8.175	 8.175	 1.000	24.692	-20.178
 8.200	 8.200	 1.000	24.187	-20.424
 8.225	 8.225	 1.000	23.677	-20.669
 8.250	 8.250	 1.000	23.160	-20.914
 8.275	 8.275	 1.000	22.637	-21.159
 8.300	 8.300	 1.000	22.108	-21.405
 8.325	 8.325	 1.000	21.573	-21.650
 8.350	 8.350	 1.000	21.032	-21.895
 8.375	 8.375	 1.000	20.485	-22.140
 8.400	 8.400	 1.000	19.931	-22.386
 8.425	 8.425	 1.000	19.371	-22.631
 8.450	 8.450	 1.000	18.806	-22.876
 8.475	 8.475	 1.000	18.234	-23.121
 8.500	 8.500	 1.000	17.656	-23.367
 8.525	 8.525	 1.000	17.072	-23.612
 8.550	 8.550	 1.000	16.481	-23.857
 8.575	 8.575	 1.000	15.885	-24.102
 8.600	 8.600	 1.000	15.282	-24.348
 8.625	 8.625	 1.000	14.674	-24.593
 8.650	 8.650	 1.000	14.059	-24.838
 8.675	 8.675	 1.000	13.438	-25.083
 8.700	 8.700	 1.000	12.811	-25.329
 8.725	 8.725	 1.000	12.178	-25.574
 8.750	 8.750	 1.000	11.538	-25.819
 8.775	 8.775	 1.000	10.893	-26.064
 8.800	 8.800	 1.000	10.241	-26.310
 8.825	 8.825	 1.000	 9.583	-26.555
 8.850	 8.850	 1.000	 8.920	-26.800
 8.875	 8.875	 1.000	 8.250	-27.045
 8.900	 8.900	 1.000	 7.573	-27.291
 8.925	 8.925	 1.000	 6.891	-27.536
 8.950	 8.950	 1.000	 6.203	-27.781
 8.975	 8.975	 1.000	 5.508	-28.026
 9.000	 9.000	 1.000	 4.808	-28.272
 9.025	 9.025	 1.000	 4.101	-28.517
 9.050	 9.050	 1.000	 3.388	-28.762
 9.075	 9.075	 1.000	 2.669	-29.007
 9.100	 9.100	 1.000	 1.944	-29.253
 9.125	 9.125	 1.000	 1.212	-29.498
 9.150	 9.150	 1.000	 0.475	28.023
 9.175	 9.175	 1.000	 1.175	27.778
 9.200	 9.200	 1.000	 1.870	27.532
 9.225	 9.225	 1.000	 2.558	27.287
 9.250	 9.250	 1.000	 3.240	27.042
 9.275	 9.275	 1.000	 3.916	26.797
 9.300	 9.300	 1.000	 4.586	26.551
 9.325	 9.325	 1.000	 5.250	26.306
 9.350	 9.350	 1.000	 5.908	26.061
 9.375	 9.375	 1.000	 6.559	25.816
 9.400	 9.400	 1.000	 7.205	25.570
 9.425	 9.425	 1.000	 7.844	25.325
 9.450	 9.450	 1.000	 8.477	25.080
 9.475	 9.475	 1.000	 9.104	24.835
 9.500	 9.500	 1.000	 9.725	24.589
 9.525	 9.525	 1.000	10.340	24.344
 9.550	 9.550	 1.000	10.948	24.099
 9.575	 9.575	 1.000	11.551	23.854
 9.600	 9.600	 1.000	12.147	23.608
 9.625	 9.625	 1.000	12.737	23.363
 9.650	 9.650	 1.000	13.321	23.118
 9.675	 9.675	 1.000	13.899	22.873
 9.700	 9.700	 1.000	14.471	22.627
 9.725	 9.725	 1.000	15.037	22.382
 9.750	 9.750	 1.000	15.596	22.137
 9.775	 9.775	 1.000	16.150	21.892
 9.800	 9.800	 1.000	16.697	21.646
 9.825	 9.825	 1.000	17.238	21.401
 9.850	 9.850	 1.000	17.773	21.156
 9.875	 9.875	 1.000	18.302	20.911
 9.900	 9.900	 1.000	18.825	20.665
 9.925	 9.925	 1.000	19.342	20.420
 9.950	 9.950	 1.000	19.852	20.175
 9.975	 9.975	 1.000	20.356	19.930
10.000	10.000	 1.000	20.855	19.684
10.025	10.025	 1.000	21.347	19.439
10.050	10.050	 1.000	21.833	19.194
10.075	10.075	 1.000	22.313	18.949
10.100	10.100	 1.000	22.786	18.703
10.125	10.125	 1.000	23.254	18.458
10.150	10.150	 1.000	23.715	18.213
10.175	10.175	 1.000	24.171	17.968
10.200	10.200	 1.000	24.620	17.722
10.225	10.225	 1.000	25.063	17.477
10.250	10.250	 1.000	25.500	17.232
10.275	10.275	 1.000	25.931	16.987
10.300	10.300	 1.000	26.355	16.741
10.325	10.325	 1.000	26.774	16.496
10.350	10.350	 1.000	27.186	16.251
10.375	10.375	 1.000	27.593	16.006
10.400	10.400	 1.000	27.993	15.760
10.425	10.425	 1.000	28.387	15.515
10.450	10.450	 1.000	28.775	15.270
10.475	10.475	 1.000	29.156	15.025
10.500	10.500	 1.000	29.532	14.779
10.525	10.525	 1.000	29.901	14.534
10.550	10.550	 1.000	30.265	14.289
10.575	10.575	 1.000	30.622	14.044
10.600	10.600	 1.000	30.973	13.798
10.625	10.625	 1.000	31.318	13.553
10.650	10.650	 1.000	31.657	13.308
10.675	10.675	 1.000	31.990	13.063
10.700	10.700	 1.000	32.316	12.817
10.725	10.725	 1.000	32.637	12.572
10.750	10.750	 1.000	32.951	12.327
10.775	10.775	 1.000	33.259	12.082
10.800	10.800	 1.000	33.561	11.836
10.825	10.825	 1.000	33.857	11.591
10.850	10.850	 1.000	34.147	11.346
10.875	10.875	 1.000	34.430	11.101
10.900	10.900	 1.000	34.708	10.855
10.925	10.925	 1.000	34.979	10.610
10.950	10.950	 1.000	35.245	10.365
10.975	10.975	 1.000	35.504	10.120
11.000	11.000	 1.000	35.757	 9.874
11.025	11.025	 1.000	36.004	 9.629
11.050	11.050	 1.000	36.244	 9.384
11.075	11.075	 1.000	36.479	 9.139
11.100	11.100	 1.000	36.707	 8.893
11.125	11.125	 1.000	36.930	 8.648
11.150	11.150	 1.000	37.146	 8.403
11.175	11.175	 1.000	37.356	 8.158
11.200	11.200	 1.000	37.560	 7.912
11.225	11.225	 1.000	37.758	 7.667
11.250	11.250	 1.000	37.949	 7.422
11.275	11.275	 1.000	38.135	 7.177
11.300	11.300	 1.000	38.314	 6.931
11.325	11.325	 1.000	38.488	 6.686
11.350	11.350	 1.000	38.655	 6.441
11.375	11.375	 1.000	38.816	 6.196
11.400	11.400	 1.000	38.971	 5.950
11.425	11.425	 1.000	39.119	 5.705
11.450	11.450	 1.000	39.262	 5.460
11.475	11.475	 1.000	39.399	 5.215
11.500	11.500	 1.000	39.529	 4.969
11.525	11.525	 1.000	39.653	 4.724
11.550	11.550	 1.000	39.771	 4.479
11.575	11.575	 1.000	39.883	 4.234
11.600	11.600	 1.000	39.989	 3.988
11.625	11.625	 1.000	40.089	 3.743
11.650	11.650	 1.000	40.182	 3.498
11.675	11.675	 1.000	40.270	 3.253
11.700	11.700	 1.000	40.351	 3.007
11.725	11.725	 1.000	40.426	 2.762
11.750	11.750	 1.000	40.495	 2.517
11.775	11.775	 1.000	40.558	 2.272
11.800	11.800	 1.000	40.615	 2.026
11.825	11.825	 1.000	40.666	 1.781
11.850	11.850	 1.000	40.710	 1.536
11.875	11.875	 1.000	40.749	 1.291
11.900	11.900	 1.000	40.781	 1.045
11.925	11.925	 1.000	40.807	 0.800
11.950	11.950	 1.000	40.827	 0.555
11.975	11.975	 1.000	40.841	 0.310
12.000	12.000	 1.000	40.849	 0.064
12.025	12.025	 1.000	40.850	-0.181
12.050	12.050	 1.000	40.846	-0.426
12.075	12.075	 1.000	40.835	-0.671
12.100	12.100	 1.000	40.818	-0.917
12.125	12.125	 1.000	40.795	-1.162
12.150	12.150	 1.000	40.766	-1.407
12.175	12.175	 1.000	40.731	-1.652
12.200	12.200	 1.000	40.690	-1.898
12.225	12.225	 1.000	40.642	-2.143
12.250	12.250	 1.000	40.589	-2.388
12.275	12.275	 1.000	40.529	-2.633
12.300	12.300	 1.000	40.463	-2.879
12.325	12.325	 1.000	40.391	-3.124
12.350	12.350	 1.000	40.313	-3.369
12.375	12.375	 1.000	40.229	-3.614
12.400	12.400	 1.000	40.139	-3.860
12.425	12.425	 1.000	40.042	-4.105
12.450	12.450	 1.000	39.940	-4.350
12.475	12.475	 1.000	39.831	-4.595
12.500	12.500	 1.000	39.716	-4.841
12.525	12.525	 1.000	39.595	-5.086
12.550	12.550	 1.000	39.468	-5.331
12.575	12.575	 1.000	39.335	-5.576
12.600	12.600	 1.000	39.195	-5.822
12.625	12.625	 1.000	39.050	-6.067
12.650	12.650	 1.000	38.898	-6.312
12.675	12.675	 1.000	38.740	-6.557
12.700	12.700	 1.000	38.576	-6.803
12.725	12.725	 1.000	38.406	-7.048
12.750	12.750	 1.000	38.230	-7.293
12.775	12.775	 1.000	38.048	-7.538
12.800	12.800	 1.000	37.859	-7.784
12.825	12.825	 1.000	37.665	-8.029
12.850	12.850	 1.000	37.464	-8.274
12.875	12.875	 1.000	37.257	-8.519
12.900	12.900	 1.000	37.044	-8.765
12.925	12.925	 1.000	36.825	-9.010
12.950	12.950	 1.000	36.600	-9.255
12.975	12.975	 1.000	36.368	-9.500
13.000	13.000	 1.000	36.131	-9.746
13.025	13.025	 1.000	35.887	-9.991
13.050	13.050	 1.000	35.637	-10.236
13.075	13.075	 1.000	35.381	-10.481
13.100	13.100	 1.000	35.119	-10.727
13.125	13.125	 1.000	34.851	-10.972
13.150	13.150	 1.000	34.577	-11.217
13.175	13.175	 1.000	34.297	-11.462
13.200	13.200	 1.000	34.010	-11.708
13.225	13.225	 1.000	33.717	-11.953
13.250	13.250	 1.000	33.418	-12.198
13.275	13.275	 1.000	33.113	-12.443
13.300	13.300	 1.000	32.802	-12.689
13.325	13.325	 1.000	32.485	-12.934
13.350	13.350	 1.000	32.162	-13.179
13.375	13.375	 1.000	31.832	-13.424
13.400	13.400	 1.000	31.497	-13.670
13.425	13.425	 1.000	31.155	-13.915
13.450	13.450	 1.000	30.807	-14.160
13.475	13.475	 1.000	30.453	-14.405
13.500	13.500	 1.000	30.093	-14.651
13.525	13.525	 1.000	29.727	-14.896
13.550	13.550	 1.000	29.354	-15.141
13.575	13.575	 1.000	28.976	-15.386
13.600	13.600	 1.000	28.591	-15.632
13.625	13.625	 1.000	28.200	-15.877
13.650	13.650	 1.000	27.803	-16.122
13.675	13.675	 1.000	27.400	-16.367
13.700	13.700	 1.000	26.991	-16.613
13.725	13.725	 1.000	26.576	-16.858
13.750	13.750	 1.000	26.154	-17.103
13.775	13.775	 1.000	25.727	-17.348
13.800	13.800	 1.000	25.293	-17.594
13.825	13.825	 1.000	24.853	-17.839
13.850	13.850	 1.000	24.407	-18.084
13.875	13.875	 1.000	23.955	-18.329
13.900	13.900	 1.000	23.497	-18.575
13.925	13.925	 1.000	23.033	-18.820
13.950	13.950	 1.000	22.562	-19.065
13.975	13.975	 1.000	22.086	-19.310
14.000	14.000	 1.000	21.603	-19.556
14.025	14.025	 1.000	21.114	-19.801
14.050	14.050	 1.000	20.619	-20.046
14.075	14.075	 1.000	20.118	-20.291
14.100	14.100	 1.000	19.610	-20.537
14.125	14.125	 1.000	19.097	-20.782
14.150	14.150	 1.000	18.577	-21.027
14.175	14.175	 1.000	18.052	-21.272
14.200	14.200	 1.000	17.520	-21.518
14.225	14.225	 1.000	16.982	-21.763
14.250	14.250	 1.000	16.438	-22.008
14.275	14.275	 1.000	15.888	-22.253
14.300	14.300	 1.000	15.331	-22.499
14.325	14.325	 1.000	14.769	-22.744
14.350	14.350	 1.000	14.200	-22.989
14.375	14.375	 1.000	13.626	-23.234
14.400	14.400	 1.000	13.045	-23.480
14.425	14.425	 1.000	12.458	-23.725
14.450	14.450	 1.000	11.865	-23.970
14.475	14.475	 1.000	11.265	-24.215
14.500	14.500	 1.000	10.660	-24.461
14.525	14.525	 1.000	10.049	-24.706
14.550	14.550	 1.000	 9.431	-24.951
14.575	14.575	 1.000	 8.807	-25.196
14.600	14.600	 1.000	 8.177	-25.442
14.625	14.625	 1.000	 7.541	-25.687
14.650	14.650	 1.000	 6.899	-25.932
14.675	14.675	 1.000	 6.251	-26.177
14.700	14.700	 1.000	 5.596	-26.423
14.725	14.725	 1.000	 4.936	-26.668
14.750	14.750	 1.000	 4.269	-26.913
14.775	14.775	 1.000	 3.596	-27.158
14.800	14.800	 1.000	 2.917	-27.404
14.825	14.825	 1.000	 2.232	-27.649
14.850	14.850	 1.000	 1.541	-27.894
14.875	14.875	 1.000	 0.844	-28.139
14.900	14.900	 1.000	 0.140	26.732
14.925	14.925	 1.000	 0.808	26.487
14.950	14.950	 1.000	 1.471	26.242
14.975	14.975	 1.000	 2.127	25.997
15.000	15.000	 1.000	 2.777	25.751
15.025	15.025	 1.000	 3.420	25.506
15.050	15.050	 1.000	 4.058	25.261
15.075	15.075	 1.000	 4.689	25.016
15.100	15.100	 1.000	 5.315	24.770
15.125	15.125	 1.000	 5.934	24.525
15.150	15.150	 1.000	 6.547	24.280
15.175	15.175	 1.000	 7.154	24.035
15.200	15.200	 1.000	 7.755	23.789
15.225	15.225	 1.000	 8.350	23.544
15.250	15.250	 1.000	 8.938	23.299
15.275	15.275	 1.000	 9.521	23.054
15.300	15.300	 1.000	10.097	22.808
15.325	15.325	 1.000	10.667	22.563
15.350	15.350	 1.000	11.232	22.318
15.375	15.375	 1.000	11.789	22.073
15.400	15.400	 1.000	12.341	21.827
15.425	15.425	 1.000	12.887	21.582
15.450	15.450	 1.000	13.427	21.337
15.475	15.475	 1.000	13.960	21.092
15.500	15.500	 1.000	14.487	20.846
15.525	15.525	 1.000	15.008	20.601
15.550	15.550	 1.000	15.523	20.356
15.575	15.575	 1.000	16.032	20.111
15.600	15.600	 1.000	16.535	19.865
15.625	15.625	 1.000	17.032	19.620
15.650	15.650	 1.000	17.522	19.375
15.675	15.675	 1.000	18.007	19.130
15.700	15.700	 1.000	18.485	18.884
15.725	15.725	 1.000	18.957	18.639
15.750	15.750	 1.000	19.423	18.394
15.775	15.775	 1.000	19.883	18.149
15.800	15.800	 1.000	20.337	17.903
15.825	15.825	 1.000	20.784	17.658
15.850	15.850	 1.000	21.226	17.413
15.875	15.875	 1.000	21.661	17.168
15.900	15.900	 1.000	22.090	16.922
15.925	15.925	 1.000	22.513	16.677
15.950	15.950	 1.000	22.930	16.432
15.975	15.975	 1.000	23.341	16.187
16.000	16.000	 1.000	23.746	15.941
16.025	16.025	 1.000	24.144	15.696
16.050	16.050	 1.000	24.536	15.451
16.075	16.075	 1.000	24.923	15.206
16.100	16.100	 1.000	25.303	14.960
16.125	16.125	 1.000	25.677	14.715
16.150	16.150	 1.000	26.045	14.470
16.175	16.175	 1.000	26.406	14.225
16.200	16.200	 1.000	26.762	13.979
16.225	16.225	 1.000	27.112	13.734
16.250	16.250	 1.000	27.455	13.489
16.275	16.275	 1.000	27.792	13.244
16.300	16.300	 1.000	28.123	12.998
16.325	16.325	 1.000	28.448	12.753
16.350	16.350	 1.000	28.767	12.508
16.375	16.375	 1.000	29.080	12.263
16.400	16.400	 1.000	29.386	12.017
16.425	16.425	 1.000	29.687	11.772
16.450	16.450	 1.000	29.981	11.527
16.475	16.475	 1.000	30.269	11.282
16.500	16.500	 1.000	30.551	11.036
16.525	16.525	 1.000	30.827	10.791
16.550	16.550	 1.000	31.097	10.546
16.575	16.575	 1.000	31.361	10.301
16.600	16.600	 1.000	31.618	10.055
16.625	16.625	 1.000	31.870	 9.810
16.650	16.650	 1.000	32.115	 9.565
16.675	16.675	 1.000	32.354	 9.320
16.700	16.700	 1.000	32.587	 9.074
16.725	16.725	 1.000	32.814	 8.829
16.750	16.750	 1.000	33.034	 8.584
16.775	16.775	 1.000	33.249	 8.339
16.800	16.800	 1.000	33.458	 8.093
16.825	16.825	 1.000	33.660	 7.848
16.850	16.850	 1.000	33.856	 7.603
16.875	16.875	 1.000	34.046	 7.358
16.900	16.900	 1.000	34.230	 7.112
16.925	16.925	 1.000	34.408	 6.867
16.950	16.950	 1.000	34.580	 6.622
16.975	16.975	 1.000	34.745	 6.377
17.000	17.000	 1.000	34.905	 6.131
17.025	17.025	 1.000	35.058	 5.886
17.050	17.050	 1.000	35.205	 5.641
17.075	17.075	 1.000	35.346	 5.396
17.100	17.100	 1.000	35.481	 5.150
17.125	17.125	 1.000	35.610	 4.905
17.150	17.150	 1.000	35.732	 4.660
17.175	17.175	 1.000	35.849	 4.415
17.200	17.200	 1.000	35.959	 4.169
17.225	17.225	 1.000	36.063	 3.924
17.250	17.250	 1.000	36.161	 3.679
17.275	17.275	 1.000	36.253	 3.434
17.300	17.300	 1.000	36.339	 3.188
17.325	17.325	 1.000	36.419	 2.943
17.350	17.350	 1.000	36.493	 2.698
17.375	17.375	 1.000	36.560	 2.453
17.400	17.400	 1.000	36.621	 2.207
17.425	17.425	 1.000	36.677	 1.962
17.450	17.450	 1.000	36.726	 1.717
17.475	17.475	 1.000	36.768	 1.472
17.500	17.500	 1.000	36.805	 1.226
17.525	17.525	 1.000	36.836	 0.981
17.550	17.550	 1.000	36.860	 0.736
17.575	17.575	 1.000	36.879	 0.491
17.600	17.600	 1.000	36.891	 0.245
17.625	17.625	 1.000	36.897	 0.000
17.650	17.650	 1.000	36.897	-0.245
17.675	17.675	 1.000	36.891	-0.490
17.700	17.700	 1.000	36.879	-0.736
17.725	17.725	 1.000	36.860	-0.981
17.750	17.750	 1.000	36.836	-1.226
17.775	17.775	 1.000	36.805	-1.471
17.800	17.800	 1.000	36.769	-1.717
17.825	17.825	 1.000	36.726	-1.962
17.850	17.850	 1.000	36.677	-2.207
17.875	17.875	 1.000	36.621	-2.452
17.900	17.900	 1.000	36.560	-2.698
17.925	17.925	 1.000	36.493	-2.943
17.950	17.950	 1.000	36.419	-3.188
17.975	17.975	 1.000	36.339	-3.433
18.000	18.000	 1.000	36.254	-3.679
18.025	18.025	 1.000	36.162	-3.924
18.050	18.050	 1.000	36.063	-4.169
18.075	18.075	 1.000	35.959	-4.414
18.100	18.100	 1.000	35.849	-4.660
18.125	18.125	 1.000	35.732	-4.905
18.150	18.150	 1.000	35.610	-5.150
18.175	18.175	 1.000	35.481	-5.395
18.200	18.200	 1.000	35.346	-5.641
18.225	18.225	 1.000	35.205	-5.886
18.250	18.250	 1.000	35.058	-6.131
18.275	18.275	 1.000	34.905	-6.376
18.300	18.300	 1.000	34.745	-6.622
18.325	18.325	 1.000	34.580	-6.867
18.350	18.350	 1.000	34.408	-7.112
18.375	18.375	 1.000	34.230	-7.357
18.400	18.400	 1.000	34.046	-7.603
18.425	18.425	 1.000	33.856	-7.848
18.450	18.450	 1.000	33.660	-8.093
18.475	18.475	 1.000	33.458	-8.338
18.500	18.500	 1.000	33.249	-8.584
18.525	18.525	 1.000	33.035	-8.829
18.550	18.550	 1.000	32.814	-9.074
18.575	18.575	 1.000	32.587	-9.319
18.600	18.600	 1.000	32.354	-9.565
18.625	18.625	 1.000	32.115	-9.810
18.650	18.650	 1.000	31.870	-10.055
18.675	18.675	 1.000	31.618	-10.300
18.700	18.700	 1.000	31.361	-10.546
18.725	18.725	 1.000	31.097	-10.791
18.750	18.750	 1.000	30.827	-11.036
18.775	18.775	 1.000	30.552	-11.281
18.800	18.800	 1.000	30.270	-11.527
18.825	18.825	 1.000	29.981	-11.772
18.850	18.850	 1.000	29.687	-12.017
18.875	18.875	 1.000	29.387	-12.262
18.900	18.900	 1.000	29.080	-12.508
18.925	18.925	 1.000	28.767	-12.753
18.950	18.950	 1.000	28.449	-12.998
18.975	18.975	 1.000	28.124	-13.243
19.000	19.000	 1.000	27.793	-13.489
19.025	19.025	 1.000	27.455	-13.734
19.050	19.050	 1.000	27.112	-13.979
19.075	19.075	 1.000	26.762	-14.224
19.100	19.100	 1.000	26.407	-14.470
19.125	19.125	 1.000	26.045	-14.715
19.150	19.150	 1.000	25.677	-14.960
19.175	19.175	 1.000	25.303	-15.205
19.200	19.200	 1.000	24.923	-15.451
19.225	19.225	 1.000	24.537	-15.696
19.250	19.250	 1.000	24.144	-15.941
19.275	19.275	 1.000	23.746	-16.186
19.300	19.300	 1.000	23.341	-16.432
19.325	19.325	 1.000	22.931	-16.677
19.350	19.350	 1.000	22.514	-16.922
19.375	19.375	 1.000	22.091	-17.167
19.400	19.400	 1.000	21.661	-17.413
19.425	19.425	 1.000	21.226	-17.658
19.450	19.450	 1.000	20.785	-17.903
19.475	19.475	 1.000	20.337	-18.148
19.500	19.500	 1.000	19.883	-18.394
19.525	19.525	 1.000	19.423	-18.639
19.550	19.550	 1.000	18.957	-18.884
19.575	19.575	 1.000	18.485	-19.129
19.600	19.600	 1.000	18.007	-19.375
19.625	19.625	 1.000	17.523	-19.620
19.650	19.650	 1.000	17.032	-19.865
19.675	19.675	 1.000	16.536	-20.110
19.700	19.700	 1.000	16.033	-20.356
19.725	19.725	 1.000	15.524	-20.601
19.750	19.750	 1.000	15.009	-20.846
19.775	19.775	 1.000	14.488	-21.091
19.800	19.800	 1.000	13.961	-21.337
19.825	19.825	 1.000	13.427	-21.582
19.850	19.850	 1.000	12.888	-21.827
19.875	19.875	 1.000	12.342	-22.072
19.900	19.900	 1.000	11.790	-22.318
19.925	19.925	 1.000	11.232	-22.563
19.950	19.950	 1.000	10.668	-22.808
19.975	19.975	 1.000	10.098	-23.053
20.000	20.000	 1.000	 9.522	-23.299
20.025	20.025	 1.000	 8.939	-23.544
20.050	20.050	 1.000	 8.350	-23.789
20.075	20.075	 1.000	 7.756	-24.034
20.100	20.100	 1.000	 7.155	-24.280
20.125	20.125	 1.000	 6.548	-24.525
20.150	20.150	 1.000	 5.935	-24.770
20.175	20.175	 1.000	 5.316	-25.015
20.200	20.200	 1.000	 4.690	-25.261
20.225	20.225	 1.000	 4.059	-25.506
20.250	20.250	 1.000	 3.421	-25.751
20.275	20.275	 1.000	 2.777	-25.996
20.300	20.300	 1.000	 2.127	-26.242
20.325	20.325	 1.000	 1.471	-26.487
20.350	20.350	 1.000	 0.809	-26.732
20.375	20.375	 1.000	 0.141	25.396
20.400	20.400	 1.000	 0.776	25.150
20.425	20.425	 1.000	 1.404	24.905
20.450	20.450	 1.000	 2.027	24.660
20.475	20.475	 1.000	 2.644	24.415
20.500	20.500	 1.000	 3.254	24.169
20.525	20.525	 1.000	 3.858	23.924
20.550	20.550	 1.000	 4.456	23.679
20.575	20.575	 1.000	 5.048	23.434
20.600	20.600	 1.000	 5.634	23.188
20.625	20.625	 1.000	 6.214	22.943
20.650	20.650	 1.000	 6.787	22.698
20.675	20.675	 1.000	 7.355	22.453
20.700	20.700	 1.000	 7.916	22.207
20.725	20.725	 1.000	 8.471	21.962
20.750	20.750	 1.000	 9.020	21.717
20.775	20.775	 1.000	 9.563	21.472
20.800	20.800	 1.000	10.100	21.226
20.825	20.825	 1.000	10.631	20.981
20.850	20.850	 1.000	11.155	20.736
20.875	20.875	 1.000	11.674	20.491
20.900	20.900	 1.000	12.186	20.245
20.925	20.925	 1.000	12.692	20.000
20.950	20.950	 1.000	13.192	19.755
20.975	20.975	 1.000	13.686	19.510
21.000	21.000	 1.000	14.174	19.264
21.025	21.025	 1.000	14.655	19.019
21.050	21.050	 1.000	15.131	18.774
21.075	21.075	 1.000	15.600	18.529
21.100	21.100	 1.000	16.063	18.283
21.125	21.125	 1.000	16.520	18.038
21.150	21.150	 1.000	16.971	17.793
21.175	21.175	 1.000	17.416	17.548
21.200	21.200	 1.000	17.855	17.302
21.225	21.225	 1.000	18.287	17.057
21.250	21.250	 1.000	18.714	16.812
21.275	21.275	 1.000	19.134	16.567
21.300	21.300	 1.000	19.548	16.321
21.325	21.325	 1.000	19.956	16.076
21.350	21.350	 1.000	20.358	15.831
21.375	21.375	 1.000	20.754	15.586
21.400	21.400	 1.000	21.144	15.340
21.425	21.425	 1.000	21.527	15.095
21.450	21.450	 1.000	21.904	14.850
21.475	21.475	 1.000	22.276	14.605
21.500	21.500	 1.000	22.641	14.359
21.525	21.525	 1.000	23.000	14.114
21.550	21.550	 1.000	23.353	13.869
21.575	21.575	 1.000	23.699	13.624
21.600	21.600	 1.000	24.040	13.378
21.625	21.625	 1.000	24.374	13.133
21.650	21.650	 1.000	24.703	12.888
21.675	21.675	 1.000	25.025	12.643
21.700	21.700	 1.000	25.341	12.397
21.725	21.725	 1.000	25.651	12.152
21.750	21.750	 1.000	25.955	11.907
21.775	21.775	 1.000	26.252	11.662
21.800	21.800	 1.000	26.544	11.416
21.825	21.825	 1.000	26.829	11.171
21.850	21.850	 1.000	27.109	10.926
21.875	21.875	 1.000	27.382	10.681
21.900	21.900	 1.000	27.649	10.435
21.925	21.925	 1.000	27.910	10.190
21.950	21.950	 1.000	28.164	 9.945
21.975	21.975	 1.000	28.413	 9.700
22.000	22.000	 1.000	28.655	 9.454
22.025	22.025	 1.000	28.892	 9.209
22.050	22.050	 1.000	29.122	 8.964
22.075	22.075	 1.000	29.346	 8.719
22.100	22.100	 1.000	29.564	 8.473
22.125	22.125	 1.000	29.776	 8.228
22.150	22.150	 1.000	29.982	 7.983
22.175	22.175	 1.000	30.181	 7.738
22.200	22.200	 1.000	30.375	 7.492
22.225	22.225	 1.000	30.562	 7.247
22.250	22.250	 1.000	30.743	 7.002
22.275	22.275	 1.000	30.918	 6.757
22.300	22.300	 1.000	31.087	 6.511
22.325	22.325	 1.000	31.250	 6.266
22.350	22.350	 1.000	31.407	 6.021
22.375	22.375	 1.000	31.557	 5.776
22.400	22.400	 1.000	31.701	 5.530
22.425	22.425	 1.000	31.840	 5.285
22.450	22.450	 1.000	31.972	 5.040
22.475	22.475	 1.000	32.098	 4.795
22.500	22.500	 1.000	32.218	 4.549
22.525	22.525	 1.000	32.331	 4.304
22.550	22.550	 1.000	32.439	 4.059
22.575	22.575	 1.000	32.540	 3.814
22.600	22.600	 1.000	32.636	 3.568
22.625	22.625	 1.000	32.725	 3.323
22.650	22.650	 1.000	32.808	 3.078
22.675	22.675	 1.000	32.885	 2.833
22.700	22.700	 1.000	32.956	 2.587
22.725	22.725	 1.000	33.021	 2.342
22.750	22.750	 1.000	33.079	 2.097
22.775	22.775	 1.000	33.132	 1.852
22.800	22.800	 1.000	33.178	 1.606
22.825	22.825	 1.000	33.218	 1.361
22.850	22.850	 1.000	33.252	 1.116
22.875	22.875	 1.000	33.280	 0.871
22.900	22.900	 1.000	33.302	 0.625
22.925	22.925	 1.000	33.317	 0.380
22.950	22.950	 1.000	33.327	 0.135
22.975	22.975	 1.000	33.330	-0.110
23.000	23.000	 1.000	33.327	-0.356
23.025	23.025	 1.000	33.318	-0.601
23.050	23.050	 1.000	33.303	-0.846
23.075	23.075	 1.000	33.282	-1.091
23.100	23.100	 1.000	33.255	-1.337
23.125	23.125	 1.000	33.222	-1.582
23.150	23.150	 1.000	33.182	-1.827
23.175	23.175	 1.000	33.136	-2.072
23.200	23.200	 1.000	33.085	-2.318
23.225	23.225	 1.000	33.027	-2.563
23.250	23.250	 1.000	32.963	-2.808
23.275	23.275	 1.000	32.892	-3.053
23.300	23.300	 1.000	32.816	-3.299
23.325	23.325	 1.000	32.734	-3.544
23.350	23.350	 1.000	32.645	-3.789
23.375	23.375	 1.000	32.550	-4.034
23.400	23.400	 1.000	32.449	-4.280
23.425	23.425	 1.000	32.342	-4.525
23.450	23.450	 1.000	32.229	-4.770
23.475	23.475	 1.000	32.110	-5.015
23.500	23.500	 1.000	31.985	-5.261
23.525	23.525	 1.000	31.853	-5.506
23.550	23.550	 1.000	31.715	-5.751
23.575	23.575	 1.000	31.572	-5.996
23.600	23.600	 1.000	31.422	-6.242
23.625	23.625	 1.000	31.266	-6.487
23.650	23.650	 1.000	31.103	-6.732
23.675	23.675	 1.000	30.935	-6.977
23.700	23.700	 1.000	30.761	-7.223
23.725	23.725	 1.000	30.580	-7.468
23.750	23.750	 1.000	30.393	-7.713
23.775	23.775	 1.000	30.201	-7.958
23.800	23.800	 1.000	30.002	-8.204
23.825	23.825	 1.000	29.797	-8.449
23.850	23.850	 1.000	29.585	-8.694
23.875	23.875	 1.000	29.368	-8.939
23.900	23.900	 1.000	29.145	-9.185
23.925	23.925	 1.000	28.915	-9.430
23.950	23.950	 1.000	28.679	-9.675
23.975	23.975	 1.000	28.437	-9.920
24.000	24.000	 1.000	28.189	-10.166
24.025	24.025	 1.000	27.935	-10.411
24.050	24.050	 1.000	27.675	-10.656
24.075	24.075	 1.000	27.408	-10.901
24.100	24.100	 1.000	27.136	-11.147
24.125	24.125	 1.000	26.857	-11.392
24.150	24.150	 1.000	26.572	-11.637
24.175	24.175	 1.000	26.281	-11.882
24.200	24.200	 1.000	25.984	-12.128
24.225	24.225	 1.000	25.681	-12.373
24.250	24.250	 1.000	25.372	-12.618
24.275	24.275	 1.000	25.056	-12.863
24.300	24.300	 1.000	24.735	-13.109
24.325	24.325	 1.000	24.407	-13.354
24.350	24.350	 1.000	24.073	-13.599
24.375	24.375	 1.000	23.733	-13.844
24.400	24.400	 1.000	23.387	-14.090
24.425	24.425	 1.000	23.035	-14.335
24.450	24.450	 1.000	22.677	-14.580
24.475	24.475	 1.000	22.312	-14.825
24.500	24.500	 1.000	21.941	-15.071
24.525	24.525	 1.000	21.565	-15.316
24.550	24.550	 1.000	21.182	-15.561
24.575	24.575	 1.000	20.793	-15.806
24.600	24.600	 1.000	20.398	-16.052
24.625	24.625	 1.000	19.996	-16.297
24.650	24.650	 1.000	19.589	-16.542
24.675	24.675	 1.000	19.175	-16.787
24.700	24.700	 1.000	18.756	-17.033
24.725	24.725	 1.000	18.330	-17.278
24.750	24.750	 1.000	17.898	-17.523
24.775	24.775	 1.000	17.460	-17.768
24.800	24.800	 1.000	17.016	-18.014
24.825	24.825	 1.000	16.565	-18.259
24.850	24.850	 1.000	16.109	-18.504
24.875	24.875	 1.000	15.646	-18.749
24.900	24.900	 1.000	15.177	-18.995
24.925	24.925	 1.000	14.703	-19.240
24.950	24.950	 1.000	14.222	-19.485
24.975	24.975	 1.000	13.734	-19.730
25.000	25.000	 1.000	13.241	-19.976
25.025	25.025	 1.000	12.742	-20.221
25.050	25.050	 1.000	12.236	-20.466
25.075	25.075	 1.000	11.725	-20.711
25.100	25.100	 1.000	11.207	-20.957
25.125	25.125	 1.000	10.683	-21.202
25.150	25.150	 1.000	10.153	-21.447
25.175	25.175	 1.000	 9.617	-21.692
25.200	25.200	 1.000	 9.074	-21.938
25.225	25.225	 1.000	 8.526	-22.183
25.250	25.250	 1.000	 7.971	-22.428
25.275	25.275	 1.000	 7.411	-22.673
25.300	25.300	 1.000	 6.844	-22.919
25.325	25.325	 1.000	 6.271	-23.164
25.350	25.350	 1.000	 5.692	-23.409
25.375	25.375	 1.000	 5.106	-23.654
25.400	25.400	 1.000	 4.515	-23.900
25.425	25.425	 1.000	 3.918	-24.145
25.450	25.450	 1.000	 3.314	-24.390
25.475	25.475	 1.000	 2.704	-24.635
25.500	25.500	 1.000	 2.088	-24.881
25.525	25.525	 1.000	 1.466	-25.126
25.550	25.550	 1.000	 0.838	-25.371
25.575	25.575	 1.000	 0.204	24.103
25.600	25.600	 1.000	 0.806	23.857
25.625	25.625	 1.000	 1.403	23.612
25.650	25.650	 1.000	 1.993	23.367
25.675	25.675	 1.000	 2.577	23.122
25.700	25.700	 1.000	 3.155	22.876
25.725	25.725	 1.000	 3.727	22.631
25.750	25.750	 1.000	 4.293	22.386
25.775	25.775	 1.000	 4.853	22.141
25.800	25.800	 1.000	 5.406	21.895
25.825	25.825	 1.000	 5.954	21.650
25.850	25.850	 1.000	 6.495	21.405
25.875	25.875	 1.000	 7.030	21.160
25.900	25.900	 1.000	 7.559	20.914
25.925	25.925	 1.000	 8.082	20.669
25.950	25.950	 1.000	 8.599	20.424
25.975	25.975	 1.000	 9.109	20.179
26.000	26.000	 1.000	 9.614	19.933
26.025	26.025	 1.000	10.112	19.688
26.050	26.050	 1.000	10.604	19.443
26.075	26.075	 1.000	11.090	19.198
26.100	26.100	 1.000	11.570	18.952
26.125	26.125	 1.000	12.044	18.707
26.150	26.150	 1.000	12.512	18.462
26.175	26.175	 1.000	12.973	18.217
26.200	26.200	 1.000	13.429	17.971
26.225	26.225	 1.000	13.878	17.726
26.250	26.250	 1.000	14.321	17.481
26.275	26.275	 1.000	14.758	17.236
26.300	26.300	 1.000	15.189	16.990
26.325	26.325	 1.000	15.614	16.745
26.350	26.350	 1.000	16.032	16.500
26.375	26.375	 1.000	16.445	16.255
26.400	26.400	 1.000	16.851	16.009
26.425	26.425	 1.000	17.252	15.764
26.450	26.450	 1.000	17.646	15.519
26.475	26.475	 1.000	18.034	15.274
26.500	26.500	 1.000	18.415	15.028
26.525	26.525	 1.000	18.791	14.783
26.550	26.550	 1.000	19.161	14.538
26.575	26.575	 1.000	19.524	14.293
26.600	26.600	 1.000	19.882	14.047
26.625	26.625	 1.000	20.233	13.802
26.650	26.650	 1.000	20.578	13.557
26.675	26.675	 1.000	20.917	13.312
26.700	26.700	 1.000	21.249	13.066
26.725	26.725	 1.000	21.576	12.821
26.750	26.750	 1.000	21.897	12.576
26.775	26.775	 1.000	22.211	12.331
26.800	26.800	 1.000	22.519	12.085
26.825	26.825	 1.000	22.821	11.840
26.850	26.850	 1.000	23.117	11.595
26.875	26.875	 1.000	23.407	11.350
26.900	26.900	 1.000	23.691	11.104
26.925	26.925	 1.000	23.969	10.859
26.950	26.950	 1.000	24.240	10.614
26.975	26.975	 1.000	24.506	10.369
27.000	27.000	 1.000	24.765	10.123
27.025	27.025	 1.000	25.018	 9.878
27.050	27.050	 1.000	25.265	 9.633
27.075	27.075	 1.000	25.506	 9.388
27.100	27.100	 1.000	25.740	 9.142
27.125	27.125	 1.000	25.969	 8.897
27.150	27.150	 1.000	26.191	 8.652
27.175	27.175	 1.000	26.408	 8.407
27.200	27.200	 1.000	26.618	 8.161
27.225	27.225	 1.000	26.822	 7.916
27.250	27.250	 1.000	27.020	 7.671
27.275	27.275	 1.000	27.211	 7.426
27.300	27.300	 1.000	27.397	 7.180
27.325	27.325	 1.000	27.577	 6.935
27.350	27.350	 1.000	27.750	 6.690
27.375	27.375	 1.000	27.917	 6.445
27.400	27.400	 1.000	28.078	 6.199
27.425	27.425	 1.000	28.233	 5.954
27.450	27.450	 1.000	28.382	 5.709
27.475	27.475	 1.000	28.525	 5.464
27.500	27.500	 1.000	28.662	 5.218
27.525	27.525	 1.000	28.792	 4.973
27.550	27.550	 1.000	28.916	 4.728
27.575	27.575	 1.000	29.034	 4.483
27.600	27.600	 1.000	29.147	 4.237
27.625	27.625	 1.000	29.252	 3.992
27.650	27.650	 1.000	29.352	 3.747
27.675	27.675	 1.000	29.446	 3.502
27.700	27.700	 1.000	29.534	 3.256
27.725	27.725	 1.000	29.615	 3.011
27.750	27.750	 1.000	29.690	 2.766
27.775	27.775	 1.000	29.759	 2.521
27.800	27.800	 1.000	29.822	 2.275
27.825	27.825	 1.000	29.879	 2.030
27.850	27.850	 1.000	29.930	 1.785
27.875	27.875	 1.000	29.975	 1.540
27.900	27.900	 1.000	30.013	 1.294
27.925	27.925	 1.000	30.045	 1.049
27.950	27.950	 1.000	30.072	 0.804
27.975	27.975	 1.000	30.092	 0.559
28.000	28.000	 1.000	30.106	 0.313
28.025	28.025	 1.000	30.114	 0.068
28.050	28.050	 1.000	30.115	-0.177
28.075	28.075	 1.000	30.111	-0.422
28.100	28.100	 1.000	30.100	-0.668
28.125	28.125	 1.000	30.084	-0.913
28.150	28.150	 1.000	30.061	-1.158
28.175	28.175	 1.000	30.032	-1.403
28.200	28.200	 1.000	29.997	-1.649
28.225	28.225	 1.000	29.956	-1.894
28.250	28.250	 1.000	29.908	-2.139
28.275	28.275	 1.000	29.855	-2.384
28.300	28.300	 1.000	29.795	-2.630
28.325	28.325	 1.000	29.729	-2.875
28.350	28.350	 1.000	29.658	-3.120
28.375	28.375	 1.000	29.580	-3.365
28.400	28.400	 1.000	29.495	-3.611
28.425	28.425	 1.000	29.405	-3.856
28.450	28.450	 1.000	29.309	-4.101
28.475	28.475	 1.000	29.206	-4.346
28.500	28.500	 1.000	29.098	-4.592
28.525	28.525	 1.000	28.983	-4.837
28.550	28.550	 1.000	28.862	-5.082
28.575	28.575	 1.000	28.735	-5.327
28.600	28.600	 1.000	28.602	-5.573
28.625	28.625	 1.000	28.462	-5.818
28.650	28.650	 1.000	28.317	-6.063
28.675	28.675	 1.000	28.165	-6.308
28.700	28.700	 1.000	28.008	-6.554
28.725	28.725	 1.000	27.844	-6.799
28.750	28.750	 1.000	27.674	-7.044
28.775	28.775	 1.000	27.498	-7.289
28.800	28.800	 1.000	27.315	-7.535
28.825	28.825	 1.000	27.127	-7.780
28.850	28.850	 1.000	26.933	-8.025
28.875	28.875	 1.000	26.732	-8.270
28.900	28.900	 1.000	26.525	-8.516
28.925	28.925	 1.000	26.312	-8.761
28.950	28.950	 1.000	26.093	-9.006
28.975	28.975	 1.000	25.868	-9.251
29.000	29.000	 1.000	25.637	-9.497
29.025	29.025	 1.000	25.399	-9.742
29.050	29.050	 1.000	25.156	-9.987
29.075	29.075	 1.000	24.906	-10.232
29.100	29.100	 1.000	24.650	-10.478
29.125	29.125	 1.000	24.388	-10.723
29.150	29.150	 1.000	24.120	-10.968
29.175	29.175	 1.000	23.846	-11.213
29.200	29.200	 1.000	23.566	-11.459
29.225	29.225	 1.000	23.279	-11.704
29.250	29.250	 1.000	22.987	-11.949
29.275	29.275	 1.000	22.688	-12.194
29.300	29.300	 1.000	22.383	-12.440
29.325	29.325	 1.000	22.072	-12.685
29.350	29.350	 1.000	21.755	-12.930
29.375	29.375	 1.000	21.432	-13.175
29.400	29.400	 1.000	21.102	-13.421
29.425	29.425	 1.000	20.767	-13.666
29.450	29.450	 1.000	20.425	-13.911
29.475	29.475	 1.000	20.078	-14.156
29.500	29.500	 1.000	19.724	-14.402
29.525	29.525	 1.000	19.364	-14.647
29.550	29.550	 1.000	18.997	-14.892
29.575	29.575	 1.000	18.625	-15.137
29.600	29.600	 1.000	18.247	-15.383
29.625	29.625	 1.000	17.862	-15.628
29.650	29.650	 1.000	17.471	-15.873
29.675	29.675	 1.000	17.075	-16.118
29.700	29.700	 1.000	16.672	-16.364
29.725	29.725	 1.000	16.263	-16.609
29.750	29.750	 1.000	15.847	-16.854
29.775	29.775	 1.000	15.426	-17.099
29.800	29.800	 1.000	14.998	-17.345
29.825	29.825	 1.000	14.565	-17.590
29.850	29.850	 1.000	14.125	-17.835
29.875	29.875	 1.000	13.679	-18.080
29.900	29.900	 1.000	13.227	-18.326
29.925	29.925	 1.000	12.769	-18.571
29.950	29.950	 1.000	12.305	-18.816
29.975	29.975	 1.000	11.834	-19.061
30.000	30.000	 1.000	11.358	-19.307
30.025	30.025	 1.000	10.875	-19.552
30.050	30.050	 1.000	10.386	-19.797
30.075	30.075	 1.000	 9.892	-20.042
30.100	30.100	 1.000	 9.390	-20.288
30.125	30.125	 1.000	 8.883	-20.533
30.150	30.150	 1.000	 8.370	-20.778
30.175	30.175	 1.000	 7.850	-21.023
30.200	30.200	 1.000	 7.325	-21.269
30.225	30.225	 1.000	 6.793	-21.514
30.250	30.250	 1.000	 6.255	-21.759
30.275	30.275	 1.000	 5.711	-22.004
30.300	30.300	 1.000	 5.161	-22.250
30.325	30.325	 1.000	 4.605	-22.495
30.350	30.350	 1.000	 4.043	-22.740
30.375	30.375	 1.000	 3.474	-22.985
30.400	30.400	 1.000	 2.900	-23.231
30.425	30.425	 1.000	 2.319	-23.476
30.450	30.450	 1.000	 1.732	-23.721
30.475	30.475	 1.000	 1.139	-23.966
30.500	30.500	 1.000	 0.540	-24.212
30.525	30.525	 1.000	-0.066	23.001
30.550	30.550	 1.000	 0.509	22.756
30.575	30.575	 1.000	 1.078	22.510
30.600	30.600	 1.000	 1.641	22.265
30.625	30.625	 1.000	 2.198	22.020
30.650	30.650	 1.000	 2.748	21.775
30.675	30.675	 1.000	 3.293	21.529
30.700	30.700	 1.000	 3.831	21.284
30.725	30.725	 1.000	 4.363	21.039
30.750	30.750	 1.000	 4.889	20.794
30.775	30.775	 1.000	 5.409	20.548
30.800	30.800	 1.000	 5.922	20.303
30.825	30.825	 1.000	 6.430	20.058
30.850	30.850	 1.000	 6.931	19.813
30.875	30.875	 1.000	 7.427	19.567
30.900	30.900	 1.000	 7.916	19.322
30.925	30.925	 1.000	 8.399	19.077
30.950	30.950	 1.000	 8.876	18.832
30.975	30.975	 1.000	 9.347	18.586
31.000	31.000	 1.000	 9.811	18.341
31.025	31.025	 1.000	10.270	18.096
31.050	31.050	 1.000	10.722	17.851
31.075	31.075	 1.000	11.169	17.605
31.100	31.100	 1.000	11.609	17.360
31.125	31.125	 1.000	12.043	17.115
31.150	31.150	 1.000	12.471	16.870
31.175	31.175	 1.000	12.892	16.624
31.200	31.200	 1.000	13.308	16.379
31.225	31.225	 1.000	13.717	16.134
31.250	31.250	 1.000	14.121	15.889
31.275	31.275	 1.000	14.518	15.643
31.300	31.300	 1.000	14.909	15.398
31.325	31.325	 1.000	15.294	15.153
31.350	31.350	 1.000	15.673	14.908
31.375	31.375	 1.000	16.046	14.662
31.400	31.400	 1.000	16.412	14.417
31.425	31.425	 1.000	16.773	14.172
31.450	31.450	 1.000	17.127	13.927
31.475	31.475	 1.000	17.475	13.681
31.500	31.500	 1.000	17.817	13.436
31.525	31.525	 1.000	18.153	13.191
31.550	31.550	 1.000	18.483	12.946
31.575	31.575	 1.000	18.806	12.700
31.600	31.600	 1.000	19.124	12.455
31.625	31.625	 1.000	19.435	12.210
31.650	31.650	 1.000	19.741	11.965
31.675	31.675	 1.000	20.040	11.719
31.700	31.700	 1.000	20.333	11.474
31.725	31.725	 1.000	20.620	11.229
31.750	31.750	 1.000	20.900	10.984
31.775	31.775	 1.000	21.175	10.738
31.800	31.800	 1.000	21.443	10.493
31.825	31.825	 1.000	21.706	10.248
31.850	31.850	 1.000	21.962	10.003
31.875	31.875	 1.000	22.212	 9.757
31.900	31.900	 1.000	22.456	 9.512
31.925	31.925	 1.000	22.694	 9.267
31.950	31.950	 1.000	22.925	 9.022
31.975	31.975	 1.000	23.151	 8.776
32.000	32.000	 1.000	23.370	 8.531
32.025	32.025	 1.000	23.584	 8.286
32.050	32.050	 1.000	23.791	 8.041
32.075	32.075	 1.000	23.992	 7.795
32.100	32.100	 1.000	24.187	 7.550
32.125	32.125	 1.000	24.375	 7.305
32.150	32.150	 1.000	24.558	 7.060
32.175	32.175	 1.000	24.734	 6.814
32.200	32.200	 1.000	24.905	 6.569
32.225	32.225	 1.000	25.069	 6.324
32.250	32.250	 1.000	25.227	 6.079
32.275	32.275	 1.000	25.379	 5.833
32.300	32.300	 1.000	25.525	 5.588
32.325	32.325	 1.000	25.665	 5.343
32.350	32.350	 1.000	25.798	 5.098
32.375	32.375	 1.000	25.926	 4.852
32.400	32.400	 1.000	26.047	 4.607
32.425	32.425	 1.000	26.162	 4.362
32.450	32.450	 1.000	26.271	 4.117
32.475	32.475	 1.000	26.374	 3.871
32.500	32.500	 1.000	26.471	 3.626
32.525	32.525	 1.000	26.562	 3.381
32.550	32.550	 1.000	26.646	 3.136
32.575	32.575	 1.000	26.725	 2.890
32.600	32.600	 1.000	26.797	 2.645
32.625	32.625	 1.000	26.863	 2.400
32.650	32.650	 1.000	26.923	 2.155
32.675	32.675	 1.000	26.977	 1.909
32.700	32.700	 1.000	27.025	 1.664
32.725	32.725	 1.000	27.066	 1.419
32.750	32.750	 1.000	27.102	 1.174
32.775	32.775	 1.000	27.131	 0.928
32.800	32.800	 1.000	27.154	 0.683
32.825	32.825	 1.000	27.171	 0.438
32.850	32.850	 1.000	27.182	 0.193
32.875	32.875	 1.000	27.187	-0.053
32.900	32.900	 1.000	27.186	-0.298
32.925	32.925	 1.000	27.178	-0.543
32.950	32.950	 1.000	27.165	-0.788
32.975	32.975	 1.000	27.145	-1.034
33.000	33.000	 1.000	27.119	-1.279
33.025	33.025	 1.000	27.087	-1.524
33.050	33.050	 1.000	27.049	-1.769
33.075	33.075	 1.000	27.005	-2.015
33.100	33.100	 1.000	26.954	-2.260
33.125	33.125	 1.000	26.898	-2.505
33.150	33.150	 1.000	26.835	-2.750
33.175	33.175	 1.000	26.767	-2.996
33.200	33.200	 1.000	26.692	-3.241
33.225	33.225	 1.000	26.611	-3.486
33.250	33.250	 1.000	26.524	-3.731
33.275	33.275	 1.000	26.430	-3.977
33.300	33.300	 1.000	26.331	-4.222
33.325	33.325	 1.000	26.225	-4.467
33.350	33.350	 1.000	26.114	-4.712
33.375	33.375	 1.000	25.996	-4.958
33.400	33.400	 1.000	25.872	-5.203
33.425	33.425	 1.000	25.742	-5.448
33.450	33.450	 1.000	25.606	-5.693
33.475	33.475	 1.000	25.463	-5.939
33.500	33.500	 1.000	25.315	-6.184
33.525	33.525	 1.000	25.160	-6.429
33.550	33.550	 1.000	25.000	-6.674
33.575	33.575	 1.000	24.833	-6.920
33.600	33.600	 1.000	24.660	-7.165
33.625	33.625	 1.000	24.481	-7.410
33.650	33.650	 1.000	24.295	-7.655
33.675	33.675	 1.000	24.104	-7.901
33.700	33.700	 1.000	23.906	-8.146
33.725	33.725	 1.000	23.703	-8.391
33.750	33.750	 1.000	23.493	-8.636
33.775	33.775	 1.000	23.277	-8.882
33.800	33.800	 1.000	23.055	-9.127
33.825	33.825	 1.000	22.827	-9.372
33.850	33.850	 1.000	22.593	-9.617
33.875	33.875	 1.000	22.352	-9.863
33.900	33.900	 1.000	22.106	-10.108
33.925	33.925	 1.000	21.853	-10.353
33.950	33.950	 1.000	21.594	-10.598
33.975	33.975	 1.000	21.329	-10.844
34.000	34.000	 1.000	21.058	-11.089
34.025	34.025	 1.000	20.781	-11.334
34.050	34.050	 1.000	20.497	-11.579
34.075	34.075	 1.000	20.208	-11.825
34.100	34.100	 1.000	19.912	-12.070
34.125	34.125	 1.000	19.611	-12.315
34.150	34.150	 1.000	19.303	-12.560
34.175	34.175	 1.000	18.989	-12.806
34.200	34.200	 1.000	18.669	-13.051
34.225	34.225	 1.000	18.342	-13.296
34.250	34.250	 1.000	18.010	-13.541
34.275	34.275	 1.000	17.671	-13.787
34.300	34.300	 1.000	17.327	-14.032
34.325	34.325	 1.000	16.976	-14.277
34.350	34.350	 1.000	16.619	-14.522
34.375	34.375	 1.000	16.256	-14.768
34.400	34.400	 1.000	15.887	-15.013
34.425	34.425	 1.000	15.511	-15.258
34.450	34.450	 1.000	15.130	-15.503
34.475	34.475	 1.000	14.742	-15.749
34.500	34.500	 1.000	14.349	-15.994
34.525	34.525	 1.000	13.949	-16.239
34.550	34.550	 1.000	13.543	-16.484
34.575	34.575	 1.000	13.131	-16.730
34.600	34.600	 1.000	12.713	-16.975
34.625	34.625	 1.000	12.288	-17.220
34.650	34.650	 1.000	11.858	-17.465
34.675	34.675	 1.000	11.421	-17.711
34.700	34.700	 1.000	10.978	-17.956
34.725	34.725	 1.000	10.529	-18.201
34.750	34.750	 1.000	10.074	-18.446
34.775	34.775	 1.000	 9.613	-18.692
34.800	34.800	 1.000	 9.146	-18.937
34.825	34.825	 1.000	 8.672	-19.182
34.850	34.850	 1.000	 8.193	-19.427
34.875	34.875	 1.000	 7.707	-19.673
34.900	34.900	 1.000	 7.215	-19.918
34.925	34.925	 1.000	 6.717	-20.163
34.950	34.950	 1.000	 6.213	-20.408
34.975	34.975	 1.000	 5.703	-20.654
35.000	35.000	 1.000	 5.187	-20.899
35.025	35.025	 1.000	 4.664	-21.144
35.050	35.050	 1.000	 4.136	-21.389
35.075	35.075	 1.000	 3.601	-21.635
35.100	35.100	 1.000	 3.060	-21.880
35.125	35.125	 1.000	 2.513	-22.125
35.150	35.150	 1.000	 1.960	-22.370
35.175	35.175	 1.000	 1.401	-22.616
35.200	35.200	 1.000	 0.835	-22.861
35.225	35.225	 1.000	 0.264	21.718
35.250	35.250	 1.000	 0.807	21.472
35.275	35.275	 1.000	 1.344	21.227
35.300	35.300	 1.000	 1.874	20.982
35.325	35.325	 1.000	 2.399	20.737
35.350	35.350	 1.000	 2.917	20.491
35.375	35.375	 1.000	 3.430	20.246
35.400	35.400	 1.000	 3.936	20.001
35.425	35.425	 1.000	 4.436	19.756
35.450	35.450	 1.000	 4.930	19.510
35.475	35.475	 1.000	 5.417	19.265
35.500	35.500	 1.000	 5.899	19.020
35.525	35.525	 1.000	 6.375	18.775
35.550	35.550	 1.000	 6.844	18.529
35.575	35.575	 1.000	 7.307	18.284
35.600	35.600	 1.000	 7.764	18.039
35.625	35.625	 1.000	 8.215	17.794
35.650	35.650	 1.000	 8.660	17.548
35.675	35.675	 1.000	 9.099	17.303
35.700	35.700	 1.000	 9.531	17.058
35.725	35.725	 1.000	 9.958	16.813
35.750	35.750	 1.000	10.378	16.567
35.775	35.775	 1.000	10.792	16.322
35.800	35.800	 1.000	11.200	16.077
35.825	35.825	 1.000	11.602	15.832
35.850	35.850	 1.000	11.998	15.586
35.875	35.875	 1.000	12.388	15.341
35.900	35.900	 1.000	12.771	15.096
35.925	35.925	 1.000	13.149	14.851
35.950	35.950	 1.000	13.520	14.605
35.975	35.975	 1.000	13.885	14.360
36.000	36.000	 1.000	14.244	14.115
36.025	36.025	 1.000	14.597	13.870
36.050	36.050	 1.000	14.944	13.624
36.075	36.075	 1.000	15.284	13.379
36.100	36.100	 1.000	15.619	13.134
36.125	36.125	 1.000	15.947	12.889
36.150	36.150	 1.000	16.269	12.643
36.175	36.175	 1.000	16.585	12.398
36.200	36.200	 1.000	16.895	12.153
36.225	36.225	 1.000	17.199	11.908
36.250	36.250	 1.000	17.497	11.662
36.275	36.275	 1.000	17.789	11.417
36.300	36.300	 1.000	18.074	11.172
36.325	36.325	 1.000	18.353	10.927
36.350	36.350	 1.000	18.626	10.681
36.375	36.375	 1.000	18.893	10.436
36.400	36.400	 1.000	19.154	10.191
36.425	36.425	 1.000	19.409	 9.946
36.450	36.450	 1.000	19.658	 9.700
36.475	36.475	 1.000	19.900	 9.455
36.500	36.500	 1.000	20.137	 9.210
36.525	36.525	 1.000	20.367	 8.965
36.550	36.550	 1.000	20.591	 8.719
36.575	36.575	 1.000	20.809	 8.474
36.600	36.600	 1.000	21.021	 8.229
36.625	36.625	 1.000	21.227	 7.984
36.650	36.650	 1.000	21.426	 7.738
36.675	36.675	 1.000	21.620	 7.493
36.700	36.700	 1.000	21.807	 7.248
36.725	36.725	 1.000	21.988	 7.003
36.750	36.750	 1.000	22.163	 6.757
36.775	36.775	 1.000	22.332	 6.512
36.800	36.800	 1.000	22.495	 6.267
36.825	36.825	 1.000	22.652	 6.022
36.850	36.850	 1.000	22.802	 5.776
36.875	36.875	 1.000	22.947	 5.531
36.900	36.900	 1.000	23.085	 5.286
36.925	36.925	 1.000	23.217	 5.041
36.950	36.950	 1.000	23.343	 4.795
36.975	36.975	 1.000	23.463	 4.550
37.000	37.000	 1.000	23.577	 4.305
37.025	37.025	 1.000	23.684	 4.060
37.050	37.050	 1.000	23.786	 3.814
37.075	37.075	 1.000	23.881	 3.569
37.100	37.100	 1.000	23.970	 3.324
37.125	37.125	 1.000	24.054	 3.079
37.150	37.150	 1.000	24.131	 2.833
37.175	37.175	 1.000	24.201	 2.588
37.200	37.200	 1.000	24.266	 2.343
37.225	37.225	 1.000	24.325	 2.098
37.250	37.250	 1.000	24.377	 1.852
37.275	37.275	 1.000	24.423	 1.607
37.300	37.300	 1.000	24.464	 1.362
37.325	37.325	 1.000	24.498	 1.117
37.350	37.350	 1.000	24.526	 0.871
37.375	37.375	 1.000	24.547	 0.626
37.400	37.400	 1.000	24.563	 0.381
37.425	37.425	 1.000	24.572	 0.136
37.450	37.450	 1.000	24.576	-0.110
37.475	37.475	 1.000	24.573	-0.355
37.500	37.500	 1.000	24.564	-0.600
37.525	37.525	 1.000	24.549	-0.845
37.550	37.550	 1.000	24.528	-1.091
37.575	37.575	 1.000	24.501	-1.336
37.600	37.600	 1.000	24.467	-1.581
37.625	37.625	 1.000	24.428	-1.826
37.650	37.650	 1.000	24.382	-2.072
37.675	37.675	 1.000	24.331	-2.317
37.700	37.700	 1.000	24.273	-2.562
37.725	37.725	 1.000	24.209	-2.807
37.750	37.750	 1.000	24.138	-3.053
37.775	37.775	 1.000	24.062	-3.298
37.800	37.800	 1.000	23.980	-3.543
37.825	37.825	 1.000	23.891	-3.788
37.850	37.850	 1.000	23.796	-4.034
37.875	37.875	 1.000	23.695	-4.279
37.900	37.900	 1.000	23.589	-4.524
37.925	37.925	 1.000	23.475	-4.769
37.950	37.950	 1.000	23.356	-5.015
37.975	37.975	 1.000	23.231	-5.260
38.000	38.000	 1.000	23.099	-5.505
38.025	38.025	 1.000	22.962	-5.750
38.050	38.050	 1.000	22.818	-5.996
38.075	38.075	 1.000	22.668	-6.241
38.100	38.100	 1.000	22.512	-6.486
38.125	38.125	 1.000	22.350	-6.731
38.150	38.150	 1.000	22.182	-6.977
38.175	38.175	 1.000	22.007	-7.222
38.200	38.200	 1.000	21.827	-7.467
38.225	38.225	 1.000	21.640	-7.712
38.250	38.250	 1.000	21.447	-7.958
38.275	38.275	 1.000	21.248	-8.203
38.300	38.300	 1.000	21.043	-8.448
38.325	38.325	 1.000	20.832	-8.693
38.350	38.350	 1.000	20.615	-8.939
38.375	38.375	 1.000	20.391	-9.184
38.400	38.400	 1.000	20.162	-9.429
38.425	38.425	 1.000	19.926	-9.674
38.450	38.450	 1.000	19.684	-9.920
38.475	38.475	 1.000	19.436	-10.165
38.500	38.500	 1.000	19.182	-10.410
38.525	38.525	 1.000	18.922	-10.655
38.550	38.550	 1.000	18.655	-10.901
38.575	38.575	 1.000	18.383	-11.146
38.600	38.600	 1.000	18.104	-11.391
38.625	38.625	 1.000	17.819	-11.636
38.650	38.650	 1.000	17.528	-11.882
38.675	38.675	 1.000	17.231	-12.127
38.700	38.700	 1.000	16.928	-12.372
38.725	38.725	 1.000	16.619	-12.617
38.750	38.750	 1.000	16.303	-12.863
38.775	38.775	 1.000	15.982	-13.108
38.800	38.800	 1.000	15.654	-13.353
38.825	38.825	 1.000	15.320	-13.598
38.850	38.850	 1.000	14.980	-13.844
38.875	38.875	 1.000	14.634	-14.089
38.900	38.900	 1.000	14.282	-14.334
38.925	38.925	 1.000	13.924	-14.579
38.950	38.950	 1.000	13.559	-14.825
38.975	38.975	 1.000	13.189	-15.070
39.000	39.000	 1.000	12.812	-15.315
39.025	39.025	 1.000	12.429	-15.560
39.050	39.050	 1.000	12.040	-15.806
39.075	39.075	 1.000	11.645	-16.051
39.100	39.100	 1.000	11.244	-16.296
39.125	39.125	 1.000	10.836	-16.541
39.150	39.150	 1.000	10.423	-16.787
39.175	39.175	 1.000	10.003	-17.032
39.200	39.200	 1.000	 9.577	-17.277
39.225	39.225	 1.000	 9.145	-17.522
39.250	39.250	 1.000	 8.707	-17.768
39.275	39.275	 1.000	 8.263	-18.013
39.300	39.300	 1.000	 7.813	-18.258
39.325	39.325	 1.000	 7.356	-18.503
39.350	39.350	 1.000	 6.894	-18.749
39.375	39.375	 1.000	 6.425	-18.994
39.400	39.400	 1.000	 5.950	-19.239
39.425	39.425	 1.000	 5.469	-19.484
39.450	39.450	 1.000	 4.982	-19.730
39.475	39.475	 1.000	 4.489	-19.975
39.500	39.500	 1.000	 3.989	-20.220
39.525	39.525	 1.000	 3.484	-20.465
39.550	39.550	 1.000	 2.972	-20.711
39.575	39.575	 1.000	 2.455	-20.956
39.600	39.600	 1.000	 1.931	-21.201
39.625	39.625	 1.000	 1.401	-21.446
39.650	39.650	 1.000	 0.864	-21.692
39.675	39.675	 1.000	 0.322	20.607
39.700	39.700	 1.000	 0.837	20.362
39.725	39.725	 1.000	 1.346	20.116
39.750	39.750	 1.000	 1.849	19.871
39.775	39.775	 1.000	 2.346	19.626
39.800	39.800	 1.000	 2.837	19.381
39.825	39.825	 1.000	 3.321	19.135
39.850	39.850	 1.000	 3.800	18.890
39.875	39.875	 1.000	 4.272	18.645
39.900	39.900	 1.000	 4.738	18.400
39.925	39.925	 1.000	 5.198	18.154
39.950	39.950	 1.000	 5.652	17.909
39.975	39.975	 1.000	 6.100	17.664
40.000	40.000	 1.000	 6.541	17.419
40.025	40.025	 1.000	 6.977	17.173
40.050	40.050	 1.000	 7.406	16.928
40.075	40.075	 1.000	 7.829	16.683
40.100	40.100	 1.000	 8.246	16.438
40.125	40.125	 1.000	 8.657	16.192
40.150	40.150	 1.000	 9.062	15.947
40.175	40.175	 1.000	 9.461	15.702
40.200	40.200	 1.000	 9.853	15.457
40.225	40.225	 1.000	10.240	15.211
40.250	40.250	 1.000	10.620	14.966
40.275	40.275	 1.000	10.994	14.721
40.300	40.300	 1.000	11.362	14.476
40.325	40.325	 1.000	11.724	14.230
40.350	40.350	 1.000	12.080	13.985
40.375	40.375	 1.000	12.429	13.740
40.400	40.400	 1.000	12.773	13.495
40.425	40.425	 1.000	13.110	13.249
40.450	40.450	 1.000	13.442	13.004
40.475	40.475	 1.000	13.767	12.759
40.500	40.500	 1.000	14.086	12.514
40.525	40.525	 1.000	14.398	12.268
40.550	40.550	 1.000	14.705	12.023
40.575	40.575	 1.000	15.006	11.778
40.600	40.600	 1.000	15.300	11.533
40.625	40.625	 1.000	15.589	11.287
40.650	40.650	 1.000	15.871	11.042
40.675	40.675	 1.000	16.147	10.797
40.700	40.700	 1.000	16.417	10.552
40.725	40.725	 1.000	16.680	10.306
40.750	40.750	 1.000	16.938	10.061
40.775	40.775	 1.000	17.190	 9.816
40.800	40.800	 1.000	17.435	 9.571
40.825	40.825	 1.000	17.674	 9.325
40.850	40.850	 1.000	17.907	 9.080
40.875	40.875	 1.000	18.134	 8.835
40.900	40.900	 1.000	18.355	 8.590
40.925	40.925	 1.000	18.570	 8.344
40.950	40.950	 1.000	18.779	 8.099
40.975	40.975	 1.000	18.981	 7.854
41.000	41.000	 1.000	19.178	 7.609
41.025	41.025	 1.000	19.368	 7.363
41.050	41.050	 1.000	19.552	 7.118
41.075	41.075	 1.000	19.730	 6.873
41.100	41.100	 1.000	19.902	 6.628
41.125	41.125	 1.000	20.067	 6.382
41.150	41.150	 1.000	20.227	 6.137
41.175	41.175	 1.000	20.380	 5.892
41.200	41.200	 1.000	20.528	 5.647
41.225	41.225	 1.000	20.669	 5.401
41.250	41.250	 1.000	20.804	 5.156
41.275	41.275	 1.000	20.933	 4.911
41.300	41.300	 1.000	21.055	 4.666
41.325	41.325	 1.000	21.172	 4.420
41.350	41.350	 1.000	21.283	 4.175
41.375	41.375	 1.000	21.387	 3.930
41.400	41.400	 1.000	21.485	 3.685
41.425	41.425	 1.000	21.577	 3.439
41.450	41.450	 1.000	21.663	 3.194
41.475	41.475	 1.000	21.743	 2.949
41.500	41.500	 1.000	21.817	 2.704
41.525	41.525	 1.000	21.885	 2.458
41.550	41.550	 1.000	21.946	 2.213
41.575	41.575	 1.000	22.001	 1.968
41.600	41.600	 1.000	22.051	 1.723
41.625	41.625	 1.000	22.094	 1.477
41.650	41.650	 1.000	22.131	 1.232
41.675	41.675	 1.000	22.161	 0.987
41.700	41.700	 1.000	22.186	 0.742
41.725	41.725	 1.000	22.205	 0.496
41.750	41.750	 1.000	22.217	 0.251
41.775	41.775	 1.000	22.223	 0.006
41.800	41.800	 1.000	22.223	-0.239
41.825	41.825	 1.000	22.217	-0.485
41.850	41.850	 1.000	22.205	-0.730
41.875	41.875	 1.000	22.187	-0.975
41.900	41.900	 1.000	22.163	-1.220
41.925	41.925	 1.000	22.132	-1.466
41.950	41.950	 1.000	22.096	-1.711
41.975	41.975	 1.000	22.053	-1.956
42.000	42.000	 1.000	22.004	-2.201
42.025	42.025	 1.000	21.949	-2.447
42.050	42.050	 1.000	21.888	-2.692
42.075	42.075	 1.000	21.820	-2.937
42.100	42.100	 1.000	21.747	-3.182
42.125	42.125	 1.000	21.667	-3.428
42.150	42.150	 1.000	21.582	-3.673
42.175	42.175	 1.000	21.490	-3.918
42.200	42.200	 1.000	21.392	-4.163
42.225	42.225	 1.000	21.288	-4.409
42.250	42.250	 1.000	21.178	-4.654
42.275	42.275	 1.000	21.061	-4.899
42.300	42.300	 1.000	20.939	-5.144
42.325	42.325	 1.000	20.810	-5.390
42.350	42.350	 1.000	20.675	-5.635
42.375	42.375	 1.000	20.535	-5.880
42.400	42.400	 1.000	20.388	-6.125
42.425	42.425	 1.000	20.234	-6.371
42.450	42.450	 1.000	20.075	-6.616
42.475	42.475	 1.000	19.910	-6.861
42.500	42.500	 1.000	19.738	-7.106
42.525	42.525	 1.000	19.561	-7.352
42.550	42.550	 1.000	19.377	-7.597
42.575	42.575	 1.000	19.187	-7.842
42.600	42.600	 1.000	18.991	-8.087
42.625	42.625	 1.000	18.789	-8.333
42.650	42.650	 1.000	18.580	-8.578
42.675	42.675	 1.000	18.366	-8.823
42.700	42.700	 1.000	18.145	-9.068
42.725	42.725	 1.000	17.919	-9.314
42.750	42.750	 1.000	17.686	-9.559
42.775	42.775	 1.000	17.447	-9.804
42.800	42.800	 1.000	17.202	-10.049
42.825	42.825	 1.000	16.951	-10.295
42.850	42.850	 1.000	16.693	-10.540
42.875	42.875	 1.000	16.430	-10.785
42.900	42.900	 1.000	16.160	-11.030
42.925	42.925	 1.000	15.884	-11.276
42.950	42.950	 1.000	15.602	-11.521
42.975	42.975	 1.000	15.314	-11.766
43.000	43.000	 1.000	15.020	-12.011
43.025	43.025	 1.000	14.720	-12.257
43.050	43.050	 1.000	14.414	-12.502
43.075	43.075	 1.000	14.101	-12.747
43.100	43.100	 1.000	13.782	-12.992
43.125	43.125	 1.000	13.457	-13.238
43.150	43.150	 1.000	13.127	-13.483
43.175	43.175	 1.000	12.789	-13.728
43.200	43.200	 1.000	12.446	-13.973
43.225	43.225	 1.000	12.097	-14.219
43.250	43.250	 1.000	11.741	-14.464
43.275	43.275	 1.000	11.380	-14.709
43.300	43.300	 1.000	11.012	-14.954
43.325	43.325	 1.000	10.638	-15.200
43.350	43.350	 1.000	10.258	-15.445
43.375	43.375	 1.000	 9.872	-15.690
43.400	43.400	 1.000	 9.480	-15.935
43.425	43.425	 1.000	 9.082	-16.181
43.450	43.450	 1.000	 8.677	-16.426
43.475	43.475	 1.000	 8.266	-16.671
43.500	43.500	 1.000	 7.850	-16.916
43.525	43.525	 1.000	 7.427	-17.162
43.550	43.550	 1.000	 6.998	-17.407
43.575	43.575	 1.000	 6.563	-17.652
43.600	43.600	 1.000	 6.121	-17.897
43.625	43.625	 1.000	 5.674	-18.143
43.650	43.650	 1.000	 5.220	-18.388
43.675	43.675	 1.000	 4.761	-18.633
43.700	43.700	 1.000	 4.295	-18.878
43.725	43.725	 1.000	 3.823	-19.124
43.750	43.750	 1.000	 3.345	-19.369
43.775	43.775	 1.000	 2.860	-19.614
43.800	43.800	 1.000	 2.370	-19.859
43.825	43.825	 1.000	 1.874	-20.105
43.850	43.850	 1.000	 1.371	-20.350
43.875	43.875	 1.000	 0.862	-20.595
43.900	43.900	 1.000	 0.347	19.565
43.925	43.925	 1.000	 0.836	19.320
43.950	43.950	 1.000	 1.319	19.075
43.975	43.975	 1.000	 1.796	18.830
44.000	44.000	 1.000	 2.267	18.584
44.025	44.025	 1.000	 2.732	18.339
44.050	44.050	 1.000	 3.190	18.094
44.075	44.075	 1.000	 3.643	17.849
44.100	44.100	 1.000	 4.089	17.603
44.125	44.125	 1.000	 4.529	17.358
44.150	44.150	 1.000	 4.963	17.113
44.175	44.175	 1.000	 5.391	16.868
44.200	44.200	 1.000	 5.812	16.622
44.225	44.225	 1.000	 6.228	16.377
44.250	44.250	 1.000	 6.637	16.132
44.275	44.275	 1.000	 7.041	15.887
44.300	44.300	 1.000	 7.438	15.641
44.325	44.325	 1.000	 7.829	15.396
44.350	44.350	 1.000	 8.214	15.151
44.375	44.375	 1.000	 8.592	14.906
44.400	44.400	 1.000	 8.965	14.660
44.425	44.425	 1.000	 9.332	14.415
44.450	44.450	 1.000	 9.692	14.170
44.475	44.475	 1.000	10.046	13.925
44.500	44.500	 1.000	10.394	13.679
44.525	44.525	 1.000	10.736	13.434
44.550	44.550	 1.000	11.072	13.189
44.575	44.575	 1.000	11.402	12.944
44.600	44.600	 1.000	11.725	12.698
44.625	44.625	 1.000	12.043	12.453
44.650	44.650	 1.000	12.354	12.208
44.675	44.675	 1.000	12.659	11.963
44.700	44.700	 1.000	12.958	11.717
44.725	44.725	 1.000	13.251	11.472
44.750	44.750	 1.000	13.538	11.227
44.775	44.775	 1.000	13.819	10.982
44.800	44.800	 1.000	14.093	10.736
44.825	44.825	 1.000	14.362	10.491
44.850	44.850	 1.000	14.624	10.246
44.875	44.875	 1.000	14.880	10.001
44.900	44.900	 1.000	15.130	 9.755
44.925	44.925	 1.000	15.374	 9.510
44.950	44.950	 1.000	15.612	 9.265
44.975	44.975	 1.000	15.844	 9.020
45.000	45.000	 1.000	16.069	 8.774
45.025	45.025	 1.000	16.288	 8.529
45.050	45.050	 1.000	16.502	 8.284
45.075	45.075	 1.000	16.709	 8.039
45.100	45.100	 1.000	16.910	 7.793
45.125	45.125	 1.000	17.104	 7.548
45.150	45.150	 1.000	17.293	 7.303
45.175	45.175	 1.000	17.476	 7.058
45.200	45.200	 1.000	17.652	 6.812
45.225	45.225	 1.000	17.823	 6.567
45.250	45.250	 1.000	17.987	 6.322
45.275	45.275	 1.000	18.145	 6.077
45.300	45.300	 1.000	18.297	 5.831
45.325	45.325	 1.000	18.442	 5.586
45.350	45.350	 1.000	18.582	 5.341
45.375	45.375	 1.000	18.716	 5.096
45.400	45.400	 1.000	18.843	 4.850
45.425	45.425	 1.000	18.964	 4.605
45.450	45.450	 1.000	19.079	 4.360
45.475	45.475	 1.000	19.188	 4.115
45.500	45.500	 1.000	19.291	 3.869
45.525	45.525	 1.000	19.388	 3.624
45.550	45.550	 1.000	19.479	 3.379
45.575	45.575	 1.000	19.563	 3.134
45.600	45.600	 1.000	19.641	 2.888
45.625	45.625	 1.000	19.714	 2.643
45.650	45.650	 1.000	19.780	 2.398
45.675	45.675	 1.000	19.840	 2.153
45.700	45.700	 1.000	19.893	 1.907
45.725	45.725	 1.000	19.941	 1.662
45.750	45.750	 1.000	19.983	 1.417
45.775	45.775	 1.000	20.018	 1.172
45.800	45.800	 1.000	20.047	 0.926
45.825	45.825	 1.000	20.071	 0.681
45.850	45.850	 1.000	20.088	 0.436
45.875	45.875	 1.000	20.098	 0.191
45.900	45.900	 1.000	20.103	-0.055
45.925	45.925	 1.000	20.102	-0.300
45.950	45.950	 1.000	20.094	-0.545
45.975	45.975	 1.000	20.081	-0.790
46.000	46.000	 1.000	20.061	-1.036
46.025	46.025	 1.000	20.035	-1.281
46.050	46.050	 1.000	20.003	-1.526
46.075	46.075	 1.000	19.965	-1.771
46.100	46.100	 1.000	19.921	-2.017
46.125	46.125	 1.000	19.870	-2.262
46.150	46.150	 1.000	19.814	-2.507
46.175	46.175	 1.000	19.751	-2.752
46.200	46.200	 1.000	19.682	-2.998
46.225	46.225	 1.000	19.607	-3.243
46.250	46.250	 1.000	19.526	-3.488
46.275	46.275	 1.000	19.439	-3.733
46.300	46.300	 1.000	19.346	-3.979
46.325	46.325	 1.000	19.246	-4.224
46.350	46.350	 1.000	19.140	-4.469
46.375	46.375	 1.000	19.029	-4.714
46.400	46.400	 1.000	18.911	-4.960
46.425	46.425	 1.000	18.787	-5.205
46.450	46.450	 1.000	18.657	-5.450
46.475	46.475	 1.000	18.521	-5.695
46.500	46.500	 1.000	18.378	-5.941
46.525	46.525	 1.000	18.230	-6.186
46.550	46.550	 1.000	18.075	-6.431
46.575	46.575	 1.000	17.914	-6.676
46.600	46.600	 1.000	17.747	-6.922
46.625	46.625	 1.000	17.574	-7.167
46.650	46.650	 1.000	17.395	-7.412
46.675	46.675	 1.000	17.210	-7.657
46.700	46.700	 1.000	17.018	-7.903
46.725	46.725	 1.000	16.821	-8.148
46.750	46.750	 1.000	16.617	-8.393
46.775	46.775	 1.000	16.407	-8.638
46.800	46.800	 1.000	16.191	-8.884
46.825	46.825	 1.000	15.969	-9.129
46.850	46.850	 1.000	15.741	-9.374
46.875	46.875	 1.000	15.507	-9.619
46.900	46.900	 1.000	15.266	-9.865
46.925	46.925	 1.000	15.019	-10.110
46.950	46.950	 1.000	14.767	-10.355
46.975	46.975	 1.000	14.508	-10.600
47.000	47.000	 1.000	14.243	-10.846
47.025	47.025	 1.000	13.972	-11.091
47.050	47.050	 1.000	13.694	-11.336
47.075	47.075	 1.000	13.411	-11.581
47.100	47.100	 1.000	13.121	-11.827
47.125	47.125	 1.000	12.826	-12.072
47.150	47.150	 1.000	12.524	-12.317
47.175	47.175	 1.000	12.216	-12.562
47.200	47.200	 1.000	11.902	-12.808
47.225	47.225	 1.000	11.582	-13.053
47.250	47.250	 1.000	11.256	-13.298
47.275	47.275	 1.000	10.923	-13.543
47.300	47.300	 1.000	10.584	-13.789
47.325	47.325	 1.000	10.240	-14.034
47.350	47.350	 1.000	 9.889	-14.279
47.375	47.375	 1.000	 9.532	-14.524
47.400	47.400	 1.000	 9.169	-14.770
47.425	47.425	 1.000	 8.800	-15.015
47.450	47.450	 1.000	 8.424	-15.260
47.475	47.475	 1.000	 8.043	-15.505
47.500	47.500	 1.000	 7.655	-15.751
47.525	47.525	 1.000	 7.261	-15.996
47.550	47.550	 1.000	 6.861	-16.241
47.575	47.575	 1.000	 6.455	-16.486
47.600	47.600	 1.000	 6.043	-16.732
47.625	47.625	 1.000	 5.625	-16.977
47.650	47.650	 1.000	 5.200	-17.222
47.675	47.675	 1.000	 4.770	-17.467
47.700	47.700	 1.000	 4.333	-17.713
47.725	47.725	 1.000	 3.890	-17.958
47.750	47.750	 1.000	 3.441	-18.203
47.775	47.775	 1.000	 2.986	-18.448
47.800	47.800	 1.000	 2.525	-18.694
47.825	47.825	 1.000	 2.058	-18.939
47.850	47.850	 1.000	 1.584	-19.184
47.875	47.875	 1.000	 1.105	-19.429
47.900	47.900	 1.000	 0.619	-19.675
47.925	47.925	 1.000	 0.127	18.691
47.950	47.950	 1.000	 0.594	18.446
47.975	47.975	 1.000	 1.056	18.200
48.000	48.000	 1.000	 1.511	17.955
48.025	48.025	 1.000	 1.959	17.710
48.050	48.050	 1.000	 2.402	17.465
48.075	48.075	 1.000	 2.839	17.219
48.100	48.100	 1.000	 3.269	16.974
48.125	48.125	 1.000	 3.694	16.729
48.150	48.150	 1.000	 4.112	16.484
48.175	48.175	 1.000	 4.524	16.238
48.200	48.200	 1.000	 4.930	15.993
48.225	48.225	 1.000	 5.330	15.748
48.250	48.250	 1.000	 5.723	15.503
48.275	48.275	 1.000	 6.111	15.257
48.300	48.300	 1.000	 6.492	15.012
48.325	48.325	 1.000	 6.868	14.767
48.350	48.350	 1.000	 7.237	14.522
48.375	48.375	 1.000	 7.600	14.276
48.400	48.400	 1.000	 7.957	14.031
48.425	48.425	 1.000	 8.308	13.786
48.450	48.450	 1.000	 8.652	13.541
48.475	48.475	 1.000	 8.991	13.295
48.500	48.500	 1.000	 9.323	13.050
48.525	48.525	 1.000	 9.650	12.805
48.550	48.550	 1.000	 9.970	12.560
48.575	48.575	 1.000	10.284	12.314
48.600	48.600	 1.000	10.591	12.069
48.625	48.625	 1.000	10.893	11.824
48.650	48.650	 1.000	11.189	11.579
48.675	48.675	 1.000	11.478	11.333
48.700	48.700	 1.000	11.762	11.088
48.725	48.725	 1.000	12.039	10.843
48.750	48.750	 1.000	12.310	10.598
48.775	48.775	 1.000	12.575	10.352
48.800	48.800	 1.000	12.834	10.107
48.825	48.825	 1.000	13.086	 9.862
48.850	48.850	 1.000	13.333	 9.617
48.875	48.875	 1.000	13.573	 9.371
48.900	48.900	 1.000	13.808	 9.126
48.925	48.925	 1.000	14.036	 8.881
48.950	48.950	 1.000	14.258	 8.636
48.975	48.975	 1.000	14.474	 8.390
49.000	49.000	 1.000	14.683	 8.145
49.025	49.025	 1.000	14.887	 7.900
49.050	49.050	 1.000	15.085	 7.655
49.075	49.075	 1.000	15.276	 7.409
49.100	49.100	 1.000	15.461	 7.164
49.125	49.125	 1.000	15.640	 6.919
49.150	49.150	 1.000	15.813	 6.674
49.175	49.175	 1.000	15.980	 6.428
49.200	49.200	 1.000	16.141	 6.183
49.225	49.225	 1.000	16.295	 5.938
49.250	49.250	 1.000	16.444	 5.693
49.275	49.275	 1.000	16.586	 5.447
49.300	49.300	 1.000	16.722	 5.202
49.325	49.325	 1.000	16.852	 4.957
49.350	49.350	 1.000	16.976	 4.712
49.375	49.375	 1.000	17.094	 4.466
49.400	49.400	 1.000	17.206	 4.221
49.425	49.425	 1.000	17.311	 3.976
49.450	49.450	 1.000	17.411	 3.731
49.475	49.475	 1.000	17.504	 3.485
49.500	49.500	 1.000	17.591	 3.240
49.525	49.525	 1.000	17.672	 2.995
49.550	49.550	 1.000	17.747	 2.750
49.575	49.575	 1.000	17.816	 2.504
49.600	49.600	 1.000	17.878	 2.259
49.625	49.625	 1.000	17.935	 2.014
49.650	49.650	 1.000	17.985	 1.769
49.675	49.675	 1.000	18.029	 1.523
49.700	49.700	 1.000	18.067	 1.278
49.725	49.725	 1.000	18.099	 1.033
49.750	49.750	 1.000	18.125	 0.788
49.775	49.775	 1.000	18.145	 0.542
49.800	49.800	 1.000	18.159	 0.297
49.825	49.825	 1.000	18.166	 0.052
49.850	49.850	 1.000	18.167	-0.193
49.875	49.875	 1.000	18.162	-0.439
49.900	49.900	 1.000	18.151	-0.684
49.925	49.925	 1.000	18.134	-0.929
49.950	49.950	 1.000	18.111	-1.174
49.975	49.975	 1.000	18.082	-1.420
50.000	50.000	 1.000	18.046	-1.665
