 0.000	 0.000	 1.000	10.000	-1.000
 0.010	 0.010	 1.000	 9.990	-1.099
 0.020	 0.020	 1.000	 9.978	-1.197
 0.030	 0.030	 1.000	 9.966	-1.296
 0.040	 0.040	 1.000	 9.952	-1.394
 0.050	 0.050	 1.000	 9.938	-1.493
 0.060	 0.060	 1.000	 9.922	-1.592
 0.070	 0.070	 1.000	 9.906	-1.690
 0.080	 0.080	 1.000	 9.888	-1.789
 0.090	 0.090	 1.000	 9.870	-1.887
 0.100	 0.100	 1.000	 9.851	-1.986
 0.110	 0.110	 1.000	 9.830	-2.085
 0.120	 0.120	 1.000	 9.809	-2.183
 0.130	 0.130	 1.000	 9.787	-2.282
 0.140	 0.140	 1.000	 9.763	-2.380
 0.150	 0.150	 1.000	 9.739	-2.479
 0.160	 0.160	 1.000	 9.714	-2.577
 0.170	 0.170	 1.000	 9.688	-2.676
 0.180	 0.180	 1.000	 9.660	-2.775
 0.190	 0.190	 1.000	 9.632	-2.873
 0.200	 0.200	 1.000	 9.603	-2.972
 0.210	 0.210	 1.000	 9.573	-3.070
 0.220	 0.220	 1.000	 9.541	-3.169
 0.230	 0.230	 1.000	 9.509	-3.268
 0.240	 0.240	 1.000	 9.476	-3.366
 0.250	 0.250	 1.000	 9.442	-3.465
 0.260	 0.260	 1.000	 9.407	-3.563
 0.270	 0.270	 1.000	 9.371	-3.662
 0.280	 0.280	 1.000	 9.334	-3.761
 0.290	 0.290	 1.000	 9.295	-3.859
 0.300	 0.300	 1.000	 9.256	-3.958
 0.310	 0.310	 1.000	 9.216	-4.056
 0.320	 0.320	 1.000	 9.175	-4.155
 0.330	 0.330	 1.000	 9.133	-4.254
 0.340	 0.340	 1.000	 9.090	-4.352
 0.350	 0.350	 1.000	 9.046	-4.451
 0.360	 0.360	 1.000	 9.001	-4.549
 0.370	 0.370	 1.000	 8.955	-4.648
 0.380	 0.380	 1.000	 8.908	-4.747
 0.390	 0.390	 1.000	 8.860	-4.845
 0.400	 0.400	 1.000	 8.811	-4.944
 0.410	 0.410	 1.000	 8.761	-5.042
 0.420	 0.420	 1.000	 8.710	-5.141
 0.430	 0.430	 1.000	 8.659	-5.239
 0.440	 0.440	 1.000	 8.606	-5.338
 0.450	 0.450	 1.000	 8.552	-5.437
 0.460	 0.460	 1.000	 8.497	-5.535
 0.470	 0.470	 1.000	 8.441	-5.634
 0.480	 0.480	 1.000	 8.384	-5.732
 0.490	 0.490	 1.000	 8.326	-5.831
 0.500	 0.500	 1.000	 8.268	-5.930
 0.510	 0.510	 1.000	 8.208	-6.028
 0.520	 0.520	 1.000	 8.147	-6.127
 0.530	 0.530	 1.000	 8.085	-6.225
 0.540	 0.540	 1.000	 8.023	-6.324
 0.550	 0.550	 1.000	 7.959	-6.423
 0.560	 0.560	 1.000	 7.894	-6.521
 0.570	 0.570	 1.000	 7.828	-6.620
 0.580	 0.580	 1.000	 7.762	-6.718
 0.590	 0.590	 1.000	 7.694	-6.817
 0.600	 0.600	 1.000	 7.625	-6.916
 0.610	 0.610	 1.000	 7.556	-7.014
 0.620	 0.620	 1.000	 7.485	-7.113
 0.630	 0.630	 1.000	 7.413	-7.211
 0.640	 0.640	 1.000	 7.341	-7.310
 0.650	 0.650	 1.000	 7.267	-7.408
 0.660	 0.660	 1.000	 7.193	-7.507
 0.670	 0.670	 1.000	 7.117	-7.606
 0.680	 0.680	 1.000	 7.041	-7.704
 0.690	 0.690	 1.000	 6.963	-7.803
 0.700	 0.700	 1.000	 6.885	-7.901
 0.710	 0.710	 1.000	 6.805	-8.000
 0.720	 0.720	 1.000	 6.725	-8.099
 0.730	 0.730	 1.000	 6.643	-8.197
 0.740	 0.740	 1.000	 6.561	-8.296
 0.750	 0.750	 1.000	 6.477	-8.394
 0.760	 0.760	 1.000	 6.393	-8.493
 0.770	 0.770	 1.000	 6.307	-8.592
 0.780	 0.780	 1.000	 6.221	-8.690
 0.790	 0.790	 1.000	 6.133	-8.789
 0.800	 0.800	 1.000	 6.045	-8.887
 0.810	 0.810	 1.000	 5.956	-8.986
 0.820	 0.820	 1.000	 5.865	 7.189
 0.830	 0.830	 1.000	 5.937	 7.090
 0.840	 0.840	 1.000	 6.007	 6.992
 0.850	 0.850	 1.000	 6.077	 6.893
 0.860	 0.860	 1.000	 6.145	 6.794
 0.870	 0.870	 1.000	 6.213	 6.696
 0.880	 0.880	 1.000	 6.279	 6.597
 0.890	 0.890	 1.000	 6.344	 6.499
 0.900	 0.900	 1.000	 6.409	 6.400
 0.910	 0.910	 1.000	 6.472	 6.301
 0.920	 0.920	 1.000	 6.535	 6.203
 0.930	 0.930	 1.000	 6.597	 6.104
 0.940	 0.940	 1.000	 6.657	 6.006
 0.950	 0.950	 1.000	 6.717	 5.907
 0.960	 0.960	 1.000	 6.775	 5.808
 0.970	 0.970	 1.000	 6.833	 5.710
 0.980	 0.980	 1.000	 6.889	 5.611
 0.990	 0.990	 1.000	 6.945	 5.513
 1.000	 1.000	 1.000	 7.000	 5.414
 1.010	 1.010	 1.000	 7.053	 5.316
 1.020	 1.020	 1.000	 7.106	 5.217
 1.030	 1.030	 1.000	 7.158	 5.118
 1.040	 1.040	 1.000	 7.208	 5.020
 1.050	 1.050	 1.000	 7.258	 4.921
 1.060	 1.060	 1.000	 7.307	 4.823
 1.070	 1.070	 1.000	 7.355	 4.724
 1.080	 1.080	 1.000	 7.401	 4.625
 1.090	 1.090	 1.000	 7.447	 4.527
 1.100	 1.100	 1.000	 7.492	 4.428
 1.110	 1.110	 1.000	 7.536	 4.330
 1.120	 1.120	 1.000	 7.578	 4.231
 1.130	 1.130	 1.000	 7.620	 4.132
 1.140	 1.140	 1.000	 7.661	 4.034
 1.150	 1.150	 1.000	 7.701	 3.935
 1.160	 1.160	 1.000	 7.740	 3.837
 1.170	 1.170	 1.000	 7.778	 3.738
 1.180	 1.180	 1.000	 7.815	 3.639
 1.190	 1.190	 1.000	 7.850	 3.541
 1.200	 1.200	 1.000	 7.885	 3.442
 1.210	 1.210	 1.000	 7.919	 3.344
 1.220	 1.220	 1.000	 7.952	 3.245
 1.230	 1.230	 1.000	 7.984	 3.146
 1.240	 1.240	 1.000	 8.015	 3.048
 1.250	 1.250	 1.000	 8.045	 2.949
 1.260	 1.260	 1.000	 8.074	 2.851
 1.270	 1.270	 1.000	 8.102	 2.752
 1.280	 1.280	 1.000	 8.129	 2.654
 1.290	 1.290	 1.000	 8.155	 2.555
 1.300	 1.300	 1.000	 8.180	 2.456
 1.310	 1.310	 1.000	 8.204	 2.358
 1.320	 1.320	 1.000	 8.227	 2.259
 1.330	 1.330	 1.000	 8.250	 2.161
 1.340	 1.340	 1.000	 8.271	 2.062
 1.350	 1.350	 1.000	 8.291	 1.963
 1.360	 1.360	 1.000	 8.310	 1.865
 1.370	 1.370	 1.000	 8.328	 1.766
 1.380	 1.380	 1.000	 8.345	 1.668
 1.390	 1.390	 1.000	 8.361	 1.569
 1.400	 1.400	 1.000	 8.377	 1.470
 1.410	 1.410	 1.000	 8.391	 1.372
 1.420	 1.420	 1.000	 8.404	 1.273
 1.430	 1.430	 1.000	 8.416	 1.175
 1.440	 1.440	 1.000	 8.428	 1.076
 1.450	 1.450	 1.000	 8.438	 0.977
 1.460	 1.460	 1.000	 8.447	 0.879
 1.470	 1.470	 1.000	 8.455	 0.780
 1.480	 1.480	 1.000	 8.463	 0.682
 1.490	 1.490	 1.000	 8.469	 0.583
 1.500	 1.500	 1.000	 8.474	 0.485
 1.510	 1.510	 1.000	 8.479	 0.386
 1.520	 1.520	 1.000	 8.482	 0.287
 1.530	 1.530	 1.000	 8.484	 0.189
 1.540	 1.540	 1.000	 8.486	 0.090
 1.550	 1.550	 1.000	 8.486	-0.008
 1.560	 1.560	 1.000	 8.486	-0.107
 1.570	 1.570	 1.000	 8.484	-0.206
 1.580	 1.580	 1.000	 8.482	-0.304
 1.590	 1.590	 1.000	 8.478	-0.403
 1.600	 1.600	 1.000	 8.474	-0.501
 1.610	 1.610	 1.000	 8.468	-0.600
 1.620	 1.620	 1.000	 8.462	-0.699
 1.630	 1.630	 1.000	 8.454	-0.797
 1.640	 1.640	 1.000	 8.446	-0.896
 1.650	 1.650	 1.000	 8.436	-0.994
 1.660	 1.660	 1.000	 8.426	-1.093
 1.670	 1.670	 1.000	 8.414	-1.192
 1.680	 1.680	 1.000	 8.402	-1.290
 1.690	 1.690	 1.000	 8.388	-1.389
 1.700	 1.700	 1.000	 8.374	-1.487
 1.710	 1.710	 1.000	 8.359	-1.586
 1.720	 1.720	 1.000	 8.342	-1.685
 1.730	 1.730	 1.000	 8.325	-1.783
 1.740	 1.740	 1.000	 8.307	-1.882
 1.750	 1.750	 1.000	 8.287	-1.980
 1.760	 1.760	 1.000	 8.267	-2.079
 1.770	 1.770	 1.000	 8.246	-2.177
 1.780	 1.780	 1.000	 8.224	-2.276
 1.790	 1.790	 1.000	 8.200	-2.375
 1.800	 1.800	 1.000	 8.176	-2.473
 1.810	 1.810	 1.000	 8.151	-2.572
 1.820	 1.820	 1.000	 8.125	-2.670
 1.830	 1.830	 1.000	 8.097	-2.769
 1.840	 1.840	 1.000	 8.069	-2.868
 1.850	 1.850	 1.000	 8.040	-2.966
 1.860	 1.860	 1.000	 8.010	-3.065
 1.870	 1.870	 1.000	 7.979	-3.163
 1.880	 1.880	 1.000	 7.947	-3.262
 1.890	 1.890	 1.000	 7.914	-3.361
 1.900	 1.900	 1.000	 7.879	-3.459
 1.910	 1.910	 1.000	 7.844	-3.558
 1.920	 1.920	 1.000	 7.808	-3.656
 1.930	 1.930	 1.000	 7.771	-3.755
 1.940	 1.940	 1.000	 7.733	-3.854
 1.950	 1.950	 1.000	 7.694	-3.952
 1.960	 1.960	 1.000	 7.654	-4.051
 1.970	 1.970	 1.000	 7.613	-4.149
 1.980	 1.980	 1.000	 7.571	-4.248
 1.990	 1.990	 1.000	 7.528	-4.347
 2.000	 2.000	 1.000	 7.484	-4.445
 2.010	 2.010	 1.000	 7.439	-4.544
 2.020	 2.020	 1.000	 7.393	-4.642
 2.030	 2.030	 1.000	 7.346	-4.741
 2.040	 2.040	 1.000	 7.299	-4.839
 2.050	 2.050	 1.000	 7.250	-4.938
 2.060	 2.060	 1.000	 7.200	-5.037
 2.070	 2.070	 1.000	 7.149	-5.135
 2.080	 2.080	 1.000	 7.097	-5.234
 2.090	 2.090	 1.000	 7.044	-5.332
 2.100	 2.100	 1.000	 6.990	-5.431
 2.110	 2.110	 1.000	 6.936	-5.530
 2.120	 2.120	 1.000	 6.880	-5.628
 2.130	 2.130	 1.000	 6.823	-5.727
 2.140	 2.140	 1.000	 6.765	-5.825
 2.150	 2.150	 1.000	 6.707	-5.924
 2.160	 2.160	 1.000	 6.647	-6.023
 2.170	 2.170	 1.000	 6.586	-6.121
 2.180	 2.180	 1.000	 6.524	-6.220
 2.190	 2.190	 1.000	 6.462	-6.318
 2.200	 2.200	 1.000	 6.398	-6.417
 2.210	 2.210	 1.000	 6.333	-6.516
 2.220	 2.220	 1.000	 6.268	-6.614
 2.230	 2.230	 1.000	 6.201	-6.713
 2.240	 2.240	 1.000	 6.134	-6.811
 2.250	 2.250	 1.000	 6.065	-6.910
 2.260	 2.260	 1.000	 5.995	-7.008
 2.270	 2.270	 1.000	 5.925	-7.107
 2.280	 2.280	 1.000	 5.853	-7.206
 2.290	 2.290	 1.000	 5.781	-7.304
 2.300	 2.300	 1.000	 5.707	-7.403
 2.310	 2.310	 1.000	 5.633	-7.501
 2.320	 2.320	 1.000	 5.557	-7.600
 2.330	 2.330	 1.000	 5.481	-7.699
 2.340	 2.340	 1.000	 5.403	-7.797
 2.350	 2.350	 1.000	 5.325	-7.896
 2.360	 2.360	 1.000	 5.245	-7.994
 2.370	 2.370	 1.000	 5.165	-8.093
 2.380	 2.380	 1.000	 5.083	-8.192
 2.390	 2.390	 1.000	 5.001	-8.290
 2.400	 2.400	 1.000	 4.918	-8.389
 2.410	 2.410	 1.000	 4.833	 6.711
 2.420	 2.420	 1.000	 4.900	 6.612
 2.430	 2.430	 1.000	 4.965	 6.514
 2.440	 2.440	 1.000	 5.030	 6.415
 2.450	 2.450	 1.000	 5.094	 6.317
 2.460	 2.460	 1.000	 5.156	 6.218
 2.470	 2.470	 1.000	 5.218	 6.119
 2.480	 2.480	 1.000	 5.279	 6.021
 2.490	 2.490	 1.000	 5.338	 5.922
 2.500	 2.500	 1.000	 5.397	 5.824
 2.510	 2.510	 1.000	 5.455	 5.725
 2.520	 2.520	 1.000	 5.512	 5.627
 2.530	 2.530	 1.000	 5.567	 5.528
 2.540	 2.540	 1.000	 5.622	 5.429
 2.550	 2.550	 1.000	 5.676	 5.331
 2.560	 2.560	 1.000	 5.729	 5.232
 2.570	 2.570	 1.000	 5.781	 5.134
 2.580	 2.580	 1.000	 5.832	 5.035
 2.590	 2.590	 1.000	 5.881	 4.936
 2.600	 2.600	 1.000	 5.930	 4.838
 2.610	 2.610	 1.000	 5.978	 4.739
 2.620	 2.620	 1.000	 6.025	 4.641
 2.630	 2.630	 1.000	 6.071	 4.542
 2.640	 2.640	 1.000	 6.116	 4.443
 2.650	 2.650	 1.000	 6.160	 4.345
 2.660	 2.660	 1.000	 6.203	 4.246
 2.670	 2.670	 1.000	 6.245	 4.148
 2.680	 2.680	 1.000	 6.286	 4.049
 2.690	 2.690	 1.000	 6.326	 3.950
 2.700	 2.700	 1.000	 6.365	 3.852
 2.710	 2.710	 1.000	 6.403	 3.753
 2.720	 2.720	 1.000	 6.440	 3.655
 2.730	 2.730	 1.000	 6.476	 3.556
 2.740	 2.740	 1.000	 6.511	 3.457
 2.750	 2.750	 1.000	 6.545	 3.359
 2.760	 2.760	 1.000	 6.578	 3.260
 2.770	 2.770	 1.000	 6.610	 3.162
 2.780	 2.780	 1.000	 6.641	 3.063
 2.790	 2.790	 1.000	 6.672	 2.965
 2.800	 2.800	 1.000	 6.701	 2.866
 2.810	 2.810	 1.000	 6.729	 2.767
 2.820	 2.820	 1.000	 6.756	 2.669
 2.830	 2.830	 1.000	 6.782	 2.570
 2.840	 2.840	 1.000	 6.807	 2.472
 2.850	 2.850	 1.000	 6.832	 2.373
 2.860	 2.860	 1.000	 6.855	 2.274
 2.870	 2.870	 1.000	 6.877	 2.176
 2.880	 2.880	 1.000	 6.898	 2.077
 2.890	 2.890	 1.000	 6.919	 1.979
 2.900	 2.900	 1.000	 6.938	 1.880
 2.910	 2.910	 1.000	 6.956	 1.781
 2.920	 2.920	 1.000	 6.974	 1.683
 2.930	 2.930	 1.000	 6.990	 1.584
 2.940	 2.940	 1.000	 7.005	 1.486
 2.950	 2.950	 1.000	 7.020	 1.387
 2.960	 2.960	 1.000	 7.033	 1.288
 2.970	 2.970	 1.000	 7.045	 1.190
 2.980	 2.980	 1.000	 7.057	 1.091
 2.990	 2.990	 1.000	 7.067	 0.993
 3.000	 3.000	 1.000	 7.077	 0.894
 3.010	 3.010	 1.000	 7.085	 0.796
 3.020	 3.020	 1.000	 7.093	 0.697
 3.030	 3.030	 1.000	 7.099	 0.598
 3.040	 3.040	 1.000	 7.105	 0.500
 3.050	 3.050	 1.000	 7.109	 0.401
 3.060	 3.060	 1.000	 7.113	 0.303
 3.070	 3.070	 1.000	 7.115	 0.204
 3.080	 3.080	 1.000	 7.117	 0.105
 3.090	 3.090	 1.000	 7.117	 0.007
 3.100	 3.100	 1.000	 7.117	-0.092
 3.110	 3.110	 1.000	 7.115	-0.190
 3.120	 3.120	 1.000	 7.113	-0.289
 3.130	 3.130	 1.000	 7.110	-0.388
 3.140	 3.140	 1.000	 7.105	-0.486
 3.150	 3.150	 1.000	 7.100	-0.585
 3.160	 3.160	 1.000	 7.094	-0.683
 3.170	 3.170	 1.000	 7.086	-0.782
 3.180	 3.180	 1.000	 7.078	-0.881
 3.190	 3.190	 1.000	 7.069	-0.979
 3.200	 3.200	 1.000	 7.058	-1.078
 3.210	 3.210	 1.000	 7.047	-1.176
 3.220	 3.220	 1.000	 7.035	-1.275
 3.230	 3.230	 1.000	 7.022	-1.374
 3.240	 3.240	 1.000	 7.007	-1.472
 3.250	 3.250	 1.000	 6.992	-1.571
 3.260	 3.260	 1.000	 6.976	-1.669
 3.270	 3.270	 1.000	 6.959	-1.768
 3.280	 3.280	 1.000	 6.941	-1.866
 3.290	 3.290	 1.000	 6.921	-1.965
 3.300	 3.300	 1.000	 6.901	-2.064
 3.310	 3.310	 1.000	 6.880	-2.162
 3.320	 3.320	 1.000	 6.858	-2.261
 3.330	 3.330	 1.000	 6.835	-2.359
 3.340	 3.340	 1.000	 6.811	-2.458
 3.350	 3.350	 1.000	 6.786	-2.557
 3.360	 3.360	 1.000	 6.760	-2.655
 3.370	 3.370	 1.000	 6.733	-2.754
 3.380	 3.380	 1.000	 6.705	-2.852
 3.390	 3.390	 1.000	 6.676	-2.951
 3.400	 3.400	 1.000	 6.646	-3.050
 3.410	 3.410	 1.000	 6.615	-3.148
 3.420	 3.420	 1.000	 6.583	-3.247
 3.430	 3.430	 1.000	 6.550	-3.345
 3.440	 3.440	 1.000	 6.516	-3.444
 3.450	 3.450	 1.000	 6.481	-3.543
 3.460	 3.460	 1.000	 6.445	-3.641
 3.470	 3.470	 1.000	 6.408	-3.740
 3.480	 3.480	 1.000	 6.370	-3.838
 3.490	 3.490	 1.000	 6.331	-3.937
 3.500	 3.500	 1.000	 6.291	-4.036
 3.510	 3.510	 1.000	 6.251	-4.134
 3.520	 3.520	 1.000	 6.209	-4.233
 3.530	 3.530	 1.000	 6.166	-4.331
 3.540	 3.540	 1.000	 6.122	-4.430
 3.550	 3.550	 1.000	 6.077	-4.528
 3.560	 3.560	 1.000	 6.032	-4.627
 3.570	 3.570	 1.000	 5.985	-4.726
 3.580	 3.580	 1.000	 5.937	-4.824
 3.590	 3.590	 1.000	 5.888	-4.923
 3.600	 3.600	 1.000	 5.839	-5.021
 3.610	 3.610	 1.000	 5.788	-5.120
 3.620	 3.620	 1.000	 5.736	-5.219
 3.630	 3.630	 1.000	 5.683	-5.317
 3.640	 3.640	 1.000	 5.630	-5.416
 3.650	 3.650	 1.000	 5.575	-5.514
 3.660	 3.660	 1.000	 5.520	-5.613
 3.670	 3.670	 1.000	 5.463	-5.712
 3.680	 3.680	 1.000	 5.405	-5.810
 3.690	 3.690	 1.000	 5.347	-5.909
 3.700	 3.700	 1.000	 5.287	-6.007
 3.710	 3.710	 1.000	 5.227	-6.106
 3.720	 3.720	 1.000	 5.165	-6.205
 3.730	 3.730	 1.000	 5.102	-6.303
 3.740	 3.740	 1.000	 5.039	-6.402
 3.750	 3.750	 1.000	 4.974	-6.500
 3.760	 3.760	 1.000	 4.909	-6.599
 3.770	 3.770	 1.000	 4.842	-6.698
 3.780	 3.780	 1.000	 4.775	-6.796
 3.790	 3.790	 1.000	 4.707	-6.895
 3.800	 3.800	 1.000	 4.637	-6.993
 3.810	 3.810	 1.000	 4.567	-7.092
 3.820	 3.820	 1.000	 4.495	-7.190
 3.830	 3.830	 1.000	 4.423	 5.752
 3.840	 3.840	 1.000	 4.480	 5.654
 3.850	 3.850	 1.000	 4.536	 5.555
 3.860	 3.860	 1.000	 4.591	 5.457
 3.870	 3.870	 1.000	 4.645	 5.358
 3.880	 3.880	 1.000	 4.698	 5.259
 3.890	 3.890	 1.000	 4.750	 5.161
 3.900	 3.900	 1.000	 4.801	 5.062
 3.910	 3.910	 1.000	 4.852	 4.964
 3.920	 3.920	 1.000	 4.901	 4.865
 3.930	 3.930	 1.000	 4.949	 4.766
 3.940	 3.940	 1.000	 4.996	 4.668
 3.950	 3.950	 1.000	 5.042	 4.569
 3.960	 3.960	 1.000	 5.087	 4.471
 3.970	 3.970	 1.000	 5.132	 4.372
 3.980	 3.980	 1.000	 5.175	 4.273
 3.990	 3.990	 1.000	 5.217	 4.175
 4.000	 4.000	 1.000	 5.258	 4.076
 4.010	 4.010	 1.000	 5.299	 3.978
 4.020	 4.020	 1.000	 5.338	 3.879
 4.030	 4.030	 1.000	 5.376	 3.781
 4.040	 4.040	 1.000	 5.413	 3.682
 4.050	 4.050	 1.000	 5.450	 3.583
 4.060	 4.060	 1.000	 5.485	 3.485
 4.070	 4.070	 1.000	 5.519	 3.386
 4.080	 4.080	 1.000	 5.553	 3.288
 4.090	 4.090	 1.000	 5.585	 3.189
 4.100	 4.100	 1.000	 5.617	 3.090
 4.110	 4.110	 1.000	 5.647	 2.992
 4.120	 4.120	 1.000	 5.676	 2.893
 4.130	 4.130	 1.000	 5.705	 2.795
 4.140	 4.140	 1.000	 5.732	 2.696
 4.150	 4.150	 1.000	 5.759	 2.597
 4.160	 4.160	 1.000	 5.784	 2.499
 4.170	 4.170	 1.000	 5.809	 2.400
 4.180	 4.180	 1.000	 5.832	 2.302
 4.190	 4.190	 1.000	 5.855	 2.203
 4.200	 4.200	 1.000	 5.876	 2.104
 4.210	 4.210	 1.000	 5.897	 2.006
 4.220	 4.220	 1.000	 5.917	 1.907
 4.230	 4.230	 1.000	 5.935	 1.809
 4.240	 4.240	 1.000	 5.953	 1.710
 4.250	 4.250	 1.000	 5.969	 1.611
 4.260	 4.260	 1.000	 5.985	 1.513
 4.270	 4.270	 1.000	 6.000	 1.414
 4.280	 4.280	 1.000	 6.013	 1.316
 4.290	 4.290	 1.000	 6.026	 1.217
 4.300	 4.300	 1.000	 6.038	 1.119
 4.310	 4.310	 1.000	 6.048	 1.020
 4.320	 4.320	 1.000	 6.058	 0.921
 4.330	 4.330	 1.000	 6.067	 0.823
 4.340	 4.340	 1.000	 6.074	 0.724
 4.350	 4.350	 1.000	 6.081	 0.626
 4.360	 4.360	 1.000	 6.087	 0.527
 4.370	 4.370	 1.000	 6.092	 0.428
 4.380	 4.380	 1.000	 6.095	 0.330
 4.390	 4.390	 1.000	 6.098	 0.231
 4.400	 4.400	 1.000	 6.100	 0.133
 4.410	 4.410	 1.000	 6.101	 0.034
 4.420	 4.420	 1.000	 6.101	-0.065
 4.430	 4.430	 1.000	 6.100	-0.163
 4.440	 4.440	 1.000	 6.098	-0.262
 4.450	 4.450	 1.000	 6.094	-0.360
 4.460	 4.460	 1.000	 6.090	-0.459
 4.470	 4.470	 1.000	 6.085	-0.558
 4.480	 4.480	 1.000	 6.079	-0.656
 4.490	 4.490	 1.000	 6.072	-0.755
 4.500	 4.500	 1.000	 6.064	-0.853
 4.510	 4.510	 1.000	 6.055	-0.952
 4.520	 4.520	 1.000	 6.045	-1.050
 4.530	 4.530	 1.000	 6.034	-1.149
 4.540	 4.540	 1.000	 6.022	-1.248
 4.550	 4.550	 1.000	 6.009	-1.346
 4.560	 4.560	 1.000	 5.995	-1.445
 4.570	 4.570	 1.000	 5.980	-1.543
 4.580	 4.580	 1.000	 5.964	-1.642
 4.590	 4.590	 1.000	 5.947	-1.741
 4.600	 4.600	 1.000	 5.929	-1.839
 4.610	 4.610	 1.000	 5.911	-1.938
 4.620	 4.620	 1.000	 5.891	-2.036
 4.630	 4.630	 1.000	 5.870	-2.135
 4.640	 4.640	 1.000	 5.848	-2.234
 4.650	 4.650	 1.000	 5.825	-2.332
 4.660	 4.660	 1.000	 5.801	-2.431
 4.670	 4.670	 1.000	 5.777	-2.529
 4.680	 4.680	 1.000	 5.751	-2.628
 4.690	 4.690	 1.000	 5.724	-2.727
 4.700	 4.700	 1.000	 5.696	-2.825
 4.710	 4.710	 1.000	 5.668	-2.924
 4.720	 4.720	 1.000	 5.638	-3.022
 4.730	 4.730	 1.000	 5.607	-3.121
 4.740	 4.740	 1.000	 5.575	-3.220
 4.750	 4.750	 1.000	 5.543	-3.318
 4.760	 4.760	 1.000	 5.509	-3.417
 4.770	 4.770	 1.000	 5.474	-3.515
 4.780	 4.780	 1.000	 5.439	-3.614
 4.790	 4.790	 1.000	 5.402	-3.712
 4.800	 4.800	 1.000	 5.364	-3.811
 4.810	 4.810	 1.000	 5.326	-3.910
 4.820	 4.820	 1.000	 5.286	-4.008
 4.830	 4.830	 1.000	 5.246	-4.107
 4.840	 4.840	 1.000	 5.204	-4.205
 4.850	 4.850	 1.000	 5.162	-4.304
 4.860	 4.860	 1.000	 5.118	-4.403
 4.870	 4.870	 1.000	 5.074	-4.501
 4.880	 4.880	 1.000	 5.028	-4.600
 4.890	 4.890	 1.000	 4.982	-4.698
 4.900	 4.900	 1.000	 4.934	-4.797
 4.910	 4.910	 1.000	 4.886	-4.896
 4.920	 4.920	 1.000	 4.836	-4.994
 4.930	 4.930	 1.000	 4.786	-5.093
 4.940	 4.940	 1.000	 4.734	-5.191
 4.950	 4.950	 1.000	 4.682	-5.290
 4.960	 4.960	 1.000	 4.629	-5.389
 4.970	 4.970	 1.000	 4.574	-5.487
 4.980	 4.980	 1.000	 4.519	-5.586
 4.990	 4.990	 1.000	 4.462	-5.684
 5.000	 5.000	 1.000	 4.405	-5.783
 5.010	 5.010	 1.000	 4.347	-5.882
 5.020	 5.020	 1.000	 4.287	-5.980
 5.030	 5.030	 1.000	 4.227	-6.079
 5.040	 5.040	 1.000	 4.166	-6.177
 5.050	 5.050	 1.000	 4.104	-6.276
 5.060	 5.060	 1.000	 4.040	-6.374
 5.070	 5.070	 1.000	 3.976	-6.473
 5.080	 5.080	 1.000	 3.911	-6.572
 5.090	 5.090	 1.000	 3.845	-6.670
 5.100	 5.100	 1.000	 3.778	-6.769
 5.110	 5.110	 1.000	 3.709	-6.867
 5.120	 5.120	 1.000	 3.640	-6.966
 5.130	 5.130	 1.000	 3.570	-7.065
 5.140	 5.140	 1.000	 3.499	-7.163
 5.150	 5.150	 1.000	 3.427	 5.731
 5.160	 5.160	 1.000	 3.484	 5.632
 5.170	 5.170	 1.000	 3.539	 5.533
 5.180	 5.180	 1.000	 3.594	 5.435
 5.190	 5.190	 1.000	 3.648	 5.336
 5.200	 5.200	 1.000	 3.701	 5.238
 5.210	 5.210	 1.000	 3.753	 5.139
 5.220	 5.220	 1.000	 3.804	 5.040
 5.230	 5.230	 1.000	 3.854	 4.942
 5.240	 5.240	 1.000	 3.903	 4.843
 5.250	 5.250	 1.000	 3.951	 4.745
 5.260	 5.260	 1.000	 3.997	 4.646
 5.270	 5.270	 1.000	 4.043	 4.547
 5.280	 5.280	 1.000	 4.088	 4.449
 5.290	 5.290	 1.000	 4.132	 4.350
 5.300	 5.300	 1.000	 4.175	 4.252
 5.310	 5.310	 1.000	 4.217	 4.153
 5.320	 5.320	 1.000	 4.258	 4.054
 5.330	 5.330	 1.000	 4.299	 3.956
 5.340	 5.340	 1.000	 4.338	 3.857
 5.350	 5.350	 1.000	 4.376	 3.759
 5.360	 5.360	 1.000	 4.413	 3.660
 5.370	 5.370	 1.000	 4.449	 3.562
 5.380	 5.380	 1.000	 4.484	 3.463
 5.390	 5.390	 1.000	 4.518	 3.364
 5.400	 5.400	 1.000	 4.551	 3.266
 5.410	 5.410	 1.000	 4.583	 3.167
 5.420	 5.420	 1.000	 4.615	 3.069
 5.430	 5.430	 1.000	 4.645	 2.970
 5.440	 5.440	 1.000	 4.674	 2.871
 5.450	 5.450	 1.000	 4.702	 2.773
 5.460	 5.460	 1.000	 4.730	 2.674
 5.470	 5.470	 1.000	 4.756	 2.576
 5.480	 5.480	 1.000	 4.781	 2.477
 5.490	 5.490	 1.000	 4.805	 2.378
 5.500	 5.500	 1.000	 4.829	 2.280
 5.510	 5.510	 1.000	 4.851	 2.181
 5.520	 5.520	 1.000	 4.872	 2.083
 5.530	 5.530	 1.000	 4.893	 1.984
 5.540	 5.540	 1.000	 4.912	 1.885
 5.550	 5.550	 1.000	 4.930	 1.787
 5.560	 5.560	 1.000	 4.948	 1.688
 5.570	 5.570	 1.000	 4.964	 1.590
 5.580	 5.580	 1.000	 4.979	 1.491
 5.590	 5.590	 1.000	 4.994	 1.393
 5.600	 5.600	 1.000	 5.007	 1.294
 5.610	 5.610	 1.000	 5.020	 1.195
 5.620	 5.620	 1.000	 5.031	 1.097
 5.630	 5.630	 1.000	 5.042	 0.998
 5.640	 5.640	 1.000	 5.051	 0.900
 5.650	 5.650	 1.000	 5.060	 0.801
 5.660	 5.660	 1.000	 5.067	 0.702
 5.670	 5.670	 1.000	 5.074	 0.604
 5.680	 5.680	 1.000	 5.079	 0.505
 5.690	 5.690	 1.000	 5.084	 0.407
 5.700	 5.700	 1.000	 5.087	 0.308
 5.710	 5.710	 1.000	 5.090	 0.209
 5.720	 5.720	 1.000	 5.092	 0.111
 5.730	 5.730	 1.000	 5.092	 0.012
 5.740	 5.740	 1.000	 5.092	-0.086
 5.750	 5.750	 1.000	 5.090	-0.185
 5.760	 5.760	 1.000	 5.088	-0.284
 5.770	 5.770	 1.000	 5.085	-0.382
 5.780	 5.780	 1.000	 5.080	-0.481
 5.790	 5.790	 1.000	 5.075	-0.579
 5.800	 5.800	 1.000	 5.069	-0.678
 5.810	 5.810	 1.000	 5.062	-0.777
 5.820	 5.820	 1.000	 5.053	-0.875
 5.830	 5.830	 1.000	 5.044	-0.974
 5.840	 5.840	 1.000	 5.034	-1.072
 5.850	 5.850	 1.000	 5.023	-1.171
 5.860	 5.860	 1.000	 5.010	-1.269
 5.870	 5.870	 1.000	 4.997	-1.368
 5.880	 5.880	 1.000	 4.983	-1.467
 5.890	 5.890	 1.000	 4.968	-1.565
 5.900	 5.900	 1.000	 4.952	-1.664
 5.910	 5.910	 1.000	 4.935	-1.762
 5.920	 5.920	 1.000	 4.917	-1.861
 5.930	 5.930	 1.000	 4.897	-1.960
 5.940	 5.940	 1.000	 4.877	-2.058
 5.950	 5.950	 1.000	 4.856	-2.157
 5.960	 5.960	 1.000	 4.834	-2.255
 5.970	 5.970	 1.000	 4.811	-2.354
 5.980	 5.980	 1.000	 4.787	-2.453
 5.990	 5.990	 1.000	 4.762	-2.551
 6.000	 6.000	 1.000	 4.736	-2.650
 6.010	 6.010	 1.000	 4.709	-2.748
 6.020	 6.020	 1.000	 4.681	-2.847
 6.030	 6.030	 1.000	 4.652	-2.946
 6.040	 6.040	 1.000	 4.622	-3.044
 6.050	 6.050	 1.000	 4.591	-3.143
 6.060	 6.060	 1.000	 4.559	-3.241
 6.070	 6.070	 1.000	 4.527	-3.340
 6.080	 6.080	 1.000	 4.493	-3.439
 6.090	 6.090	 1.000	 4.458	-3.537
 6.100	 6.100	 1.000	 4.422	-3.636
 6.110	 6.110	 1.000	 4.385	-3.734
 6.120	 6.120	 1.000	 4.347	-3.833
 6.130	 6.130	 1.000	 4.308	-3.931
 6.140	 6.140	 1.000	 4.269	-4.030
 6.150	 6.150	 1.000	 4.228	-4.129
 6.160	 6.160	 1.000	 4.186	-4.227
 6.170	 6.170	 1.000	 4.143	-4.326
 6.180	 6.180	 1.000	 4.099	-4.424
 6.190	 6.190	 1.000	 4.055	-4.523
 6.200	 6.200	 1.000	 4.009	-4.622
 6.210	 6.210	 1.000	 3.962	-4.720
 6.220	 6.220	 1.000	 3.915	-4.819
 6.230	 6.230	 1.000	 3.866	-4.917
 6.240	 6.240	 1.000	 3.816	-5.016
 6.250	 6.250	 1.000	 3.766	-5.115
 6.260	 6.260	 1.000	 3.714	-5.213
 6.270	 6.270	 1.000	 3.661	-5.312
 6.280	 6.280	 1.000	 3.608	-5.410
 6.290	 6.290	 1.000	 3.553	-5.509
 6.300	 6.300	 1.000	 3.498	-5.608
 6.310	 6.310	 1.000	 3.441	-5.706
 6.320	 6.320	 1.000	 3.383	-5.805
 6.330	 6.330	 1.000	 3.325	-5.903
 6.340	 6.340	 1.000	 3.265	-6.002
 6.350	 6.350	 1.000	 3.205	-6.100
 6.360	 6.360	 1.000	 3.143	-6.199
 6.370	 6.370	 1.000	 3.081	-6.298
 6.380	 6.380	 1.000	 3.017	-6.396
 6.390	 6.390	 1.000	 2.953	-6.495
 6.400	 6.400	 1.000	 2.888	 5.196
 6.410	 6.410	 1.000	 2.939	 5.097
 6.420	 6.420	 1.000	 2.989	 4.999
 6.430	 6.430	 1.000	 3.039	 4.900
 6.440	 6.440	 1.000	 3.087	 4.802
 6.450	 6.450	 1.000	 3.135	 4.703
 6.460	 6.460	 1.000	 3.182	 4.604
 6.470	 6.470	 1.000	 3.227	 4.506
 6.480	 6.480	 1.000	 3.272	 4.407
 6.490	 6.490	 1.000	 3.315	 4.309
 6.500	 6.500	 1.000	 3.358	 4.210
 6.510	 6.510	 1.000	 3.399	 4.111
 6.520	 6.520	 1.000	 3.440	 4.013
 6.530	 6.530	 1.000	 3.480	 3.914
 6.540	 6.540	 1.000	 3.518	 3.816
 6.550	 6.550	 1.000	 3.556	 3.717
 6.560	 6.560	 1.000	 3.593	 3.618
 6.570	 6.570	 1.000	 3.628	 3.520
 6.580	 6.580	 1.000	 3.663	 3.421
 6.590	 6.590	 1.000	 3.697	 3.323
 6.600	 6.600	 1.000	 3.730	 3.224
 6.610	 6.610	 1.000	 3.761	 3.125
 6.620	 6.620	 1.000	 3.792	 3.027
 6.630	 6.630	 1.000	 3.822	 2.928
 6.640	 6.640	 1.000	 3.851	 2.830
 6.650	 6.650	 1.000	 3.878	 2.731
 6.660	 6.660	 1.000	 3.905	 2.632
 6.670	 6.670	 1.000	 3.931	 2.534
 6.680	 6.680	 1.000	 3.956	 2.435
 6.690	 6.690	 1.000	 3.980	 2.337
 6.700	 6.700	 1.000	 4.003	 2.238
 6.710	 6.710	 1.000	 4.025	 2.140
 6.720	 6.720	 1.000	 4.045	 2.041
 6.730	 6.730	 1.000	 4.065	 1.942
 6.740	 6.740	 1.000	 4.084	 1.844
 6.750	 6.750	 1.000	 4.102	 1.745
 6.760	 6.760	 1.000	 4.119	 1.647
 6.770	 6.770	 1.000	 4.135	 1.548
 6.780	 6.780	 1.000	 4.150	 1.449
 6.790	 6.790	 1.000	 4.164	 1.351
 6.800	 6.800	 1.000	 4.177	 1.252
 6.810	 6.810	 1.000	 4.189	 1.154
 6.820	 6.820	 1.000	 4.200	 1.055
 6.830	 6.830	 1.000	 4.210	 0.956
 6.840	 6.840	 1.000	 4.219	 0.858
 6.850	 6.850	 1.000	 4.227	 0.759
 6.860	 6.860	 1.000	 4.235	 0.661
 6.870	 6.870	 1.000	 4.241	 0.562
 6.880	 6.880	 1.000	 4.246	 0.463
 6.890	 6.890	 1.000	 4.250	 0.365
 6.900	 6.900	 1.000	 4.253	 0.266
 6.910	 6.910	 1.000	 4.255	 0.168
 6.920	 6.920	 1.000	 4.256	 0.069
 6.930	 6.930	 1.000	 4.257	-0.029
 6.940	 6.940	 1.000	 4.256	-0.128
 6.950	 6.950	 1.000	 4.254	-0.227
 6.960	 6.960	 1.000	 4.251	-0.325
 6.970	 6.970	 1.000	 4.248	-0.424
 6.980	 6.980	 1.000	 4.243	-0.522
 6.990	 6.990	 1.000	 4.237	-0.621
 7.000	 7.000	 1.000	 4.230	-0.720
 7.010	 7.010	 1.000	 4.223	-0.818
 7.020	 7.020	 1.000	 4.214	-0.917
 7.030	 7.030	 1.000	 4.204	-1.015
 7.040	 7.040	 1.000	 4.194	-1.114
 7.050	 7.050	 1.000	 4.182	-1.213
 7.060	 7.060	 1.000	 4.170	-1.311
 7.070	 7.070	 1.000	 4.156	-1.410
 7.080	 7.080	 1.000	 4.141	-1.508
 7.090	 7.090	 1.000	 4.126	-1.607
 7.100	 7.100	 1.000	 4.109	-1.706
 7.110	 7.110	 1.000	 4.092	-1.804
 7.120	 7.120	 1.000	 4.073	-1.903
 7.130	 7.130	 1.000	 4.054	-2.001
 7.140	 7.140	 1.000	 4.033	-2.100
 7.150	 7.150	 1.000	 4.012	-2.199
 7.160	 7.160	 1.000	 3.989	-2.297
 7.170	 7.170	 1.000	 3.966	-2.396
 7.180	 7.180	 1.000	 3.941	-2.494
 7.190	 7.190	 1.000	 3.916	-2.593
 7.200	 7.200	 1.000	 3.889	-2.691
 7.210	 7.210	 1.000	 3.862	-2.790
 7.220	 7.220	 1.000	 3.834	-2.889
 7.230	 7.230	 1.000	 3.804	-2.987
 7.240	 7.240	 1.000	 3.774	-3.086
 7.250	 7.250	 1.000	 3.742	-3.184
 7.260	 7.260	 1.000	 3.710	-3.283
 7.270	 7.270	 1.000	 3.677	-3.382
 7.280	 7.280	 1.000	 3.643	-3.480
 7.290	 7.290	 1.000	 3.607	-3.579
 7.300	 7.300	 1.000	 3.571	-3.677
 7.310	 7.310	 1.000	 3.534	-3.776
 7.320	 7.320	 1.000	 3.495	-3.875
 7.330	 7.330	 1.000	 3.456	-3.973
 7.340	 7.340	 1.000	 3.416	-4.072
 7.350	 7.350	 1.000	 3.375	-4.170
 7.360	 7.360	 1.000	 3.333	-4.269
 7.370	 7.370	 1.000	 3.289	-4.368
 7.380	 7.380	 1.000	 3.245	-4.466
 7.390	 7.390	 1.000	 3.200	-4.565
 7.400	 7.400	 1.000	 3.154	-4.663
 7.410	 7.410	 1.000	 3.107	-4.762
 7.420	 7.420	 1.000	 3.059	-4.861
 7.430	 7.430	 1.000	 3.010	-4.959
 7.440	 7.440	 1.000	 2.959	-5.058
 7.450	 7.450	 1.000	 2.908	-5.156
 7.460	 7.460	 1.000	 2.856	-5.255
 7.470	 7.470	 1.000	 2.803	-5.353
 7.480	 7.480	 1.000	 2.749	-5.452
 7.490	 7.490	 1.000	 2.694	-5.551
 7.500	 7.500	 1.000	 2.638	-5.649
 7.510	 7.510	 1.000	 2.581	-5.748
 7.520	 7.520	 1.000	 2.523	-5.846
 7.530	 7.530	 1.000	 2.464	-5.945
 7.540	 7.540	 1.000	 2.404	 4.756
 7.550	 7.550	 1.000	 2.451	 4.657
 7.560	 7.560	 1.000	 2.498	 4.559
 7.570	 7.570	 1.000	 2.543	 4.460
 7.580	 7.580	 1.000	 2.587	 4.362
 7.590	 7.590	 1.000	 2.630	 4.263
 7.600	 7.600	 1.000	 2.672	 4.164
 7.610	 7.610	 1.000	 2.713	 4.066
 7.620	 7.620	 1.000	 2.753	 3.967
 7.630	 7.630	 1.000	 2.793	 3.869
 7.640	 7.640	 1.000	 2.831	 3.770
 7.650	 7.650	 1.000	 2.868	 3.672
 7.660	 7.660	 1.000	 2.904	 3.573
 7.670	 7.670	 1.000	 2.939	 3.474
 7.680	 7.680	 1.000	 2.974	 3.376
 7.690	 7.690	 1.000	 3.007	 3.277
 7.700	 7.700	 1.000	 3.039	 3.179
 7.710	 7.710	 1.000	 3.071	 3.080
 7.720	 7.720	 1.000	 3.101	 2.981
 7.730	 7.730	 1.000	 3.130	 2.883
 7.740	 7.740	 1.000	 3.158	 2.784
 7.750	 7.750	 1.000	 3.186	 2.686
 7.760	 7.760	 1.000	 3.212	 2.587
 7.770	 7.770	 1.000	 3.238	 2.488
 7.780	 7.780	 1.000	 3.262	 2.390
 7.790	 7.790	 1.000	 3.285	 2.291
 7.800	 7.800	 1.000	 3.308	 2.193
 7.810	 7.810	 1.000	 3.329	 2.094
 7.820	 7.820	 1.000	 3.350	 1.995
 7.830	 7.830	 1.000	 3.369	 1.897
 7.840	 7.840	 1.000	 3.388	 1.798
 7.850	 7.850	 1.000	 3.405	 1.700
 7.860	 7.860	 1.000	 3.422	 1.601
 7.870	 7.870	 1.000	 3.437	 1.502
 7.880	 7.880	 1.000	 3.452	 1.404
 7.890	 7.890	 1.000	 3.465	 1.305
 7.900	 7.900	 1.000	 3.478	 1.207
 7.910	 7.910	 1.000	 3.489	 1.108
 7.920	 7.920	 1.000	 3.500	 1.010
 7.930	 7.930	 1.000	 3.510	 0.911
 7.940	 7.940	 1.000	 3.518	 0.812
 7.950	 7.950	 1.000	 3.526	 0.714
 7.960	 7.960	 1.000	 3.532	 0.615
 7.970	 7.970	 1.000	 3.538	 0.517
 7.980	 7.980	 1.000	 3.543	 0.418
 7.990	 7.990	 1.000	 3.546	 0.319
 8.000	 8.000	 1.000	 3.549	 0.221
 8.010	 8.010	 1.000	 3.551	 0.122
 8.020	 8.020	 1.000	 3.552	 0.024
 8.030	 8.030	 1.000	 3.551	-0.075
 8.040	 8.040	 1.000	 3.550	-0.174
 8.050	 8.050	 1.000	 3.548	-0.272
 8.060	 8.060	 1.000	 3.545	-0.371
 8.070	 8.070	 1.000	 3.540	-0.469
 8.080	 8.080	 1.000	 3.535	-0.568
 8.090	 8.090	 1.000	 3.529	-0.667
 8.100	 8.100	 1.000	 3.522	-0.765
 8.110	 8.110	 1.000	 3.514	-0.864
 8.120	 8.120	 1.000	 3.505	-0.962
 8.130	 8.130	 1.000	 3.495	-1.061
 8.140	 8.140	 1.000	 3.483	-1.160
 8.150	 8.150	 1.000	 3.471	-1.258
 8.160	 8.160	 1.000	 3.458	-1.357
 8.170	 8.170	 1.000	 3.444	-1.455
 8.180	 8.180	 1.000	 3.429	-1.554
 8.190	 8.190	 1.000	 3.413	-1.652
 8.200	 8.200	 1.000	 3.396	-1.751
 8.210	 8.210	 1.000	 3.378	-1.850
 8.220	 8.220	 1.000	 3.359	-1.948
 8.230	 8.230	 1.000	 3.339	-2.047
 8.240	 8.240	 1.000	 3.318	-2.145
 8.250	 8.250	 1.000	 3.296	-2.244
 8.260	 8.260	 1.000	 3.273	-2.343
 8.270	 8.270	 1.000	 3.249	-2.441
 8.280	 8.280	 1.000	 3.224	-2.540
 8.290	 8.290	 1.000	 3.199	-2.638
 8.300	 8.300	 1.000	 3.172	-2.737
 8.310	 8.310	 1.000	 3.144	-2.836
 8.320	 8.320	 1.000	 3.115	-2.934
 8.330	 8.330	 1.000	 3.085	-3.033
 8.340	 8.340	 1.000	 3.054	-3.131
 8.350	 8.350	 1.000	 3.023	-3.230
 8.360	 8.360	 1.000	 2.990	-3.329
 8.370	 8.370	 1.000	 2.956	-3.427
 8.380	 8.380	 1.000	 2.921	-3.526
 8.390	 8.390	 1.000	 2.885	-3.624
 8.400	 8.400	 1.000	 2.849	-3.723
 8.410	 8.410	 1.000	 2.811	-3.822
 8.420	 8.420	 1.000	 2.772	-3.920
 8.430	 8.430	 1.000	 2.733	-4.019
 8.440	 8.440	 1.000	 2.692	-4.117
 8.450	 8.450	 1.000	 2.650	-4.216
 8.460	 8.460	 1.000	 2.608	-4.314
 8.470	 8.470	 1.000	 2.564	-4.413
 8.480	 8.480	 1.000	 2.519	-4.512
 8.490	 8.490	 1.000	 2.474	-4.610
 8.500	 8.500	 1.000	 2.427	-4.709
 8.510	 8.510	 1.000	 2.380	-4.807
 8.520	 8.520	 1.000	 2.331	-4.906
 8.530	 8.530	 1.000	 2.281	-5.005
 8.540	 8.540	 1.000	 2.231	-5.103
 8.550	 8.550	 1.000	 2.179	-5.202
 8.560	 8.560	 1.000	 2.127	-5.300
 8.570	 8.570	 1.000	 2.073	-5.399
 8.580	 8.580	 1.000	 2.019	-5.498
 8.590	 8.590	 1.000	 1.963	-5.596
 8.600	 8.600	 1.000	 1.907	 4.477
 8.610	 8.610	 1.000	 1.951	 4.378
 8.620	 8.620	 1.000	 1.995	 4.280
 8.630	 8.630	 1.000	 2.037	 4.181
 8.640	 8.640	 1.000	 2.078	 4.083
 8.650	 8.650	 1.000	 2.119	 3.984
 8.660	 8.660	 1.000	 2.158	 3.885
 8.670	 8.670	 1.000	 2.196	 3.787
 8.680	 8.680	 1.000	 2.234	 3.688
 8.690	 8.690	 1.000	 2.270	 3.590
 8.700	 8.700	 1.000	 2.305	 3.491
 8.710	 8.710	 1.000	 2.340	 3.392
 8.720	 8.720	 1.000	 2.373	 3.294
 8.730	 8.730	 1.000	 2.406	 3.195
 8.740	 8.740	 1.000	 2.437	 3.097
 8.750	 8.750	 1.000	 2.468	 2.998
 8.760	 8.760	 1.000	 2.497	 2.899
 8.770	 8.770	 1.000	 2.526	 2.801
 8.780	 8.780	 1.000	 2.553	 2.702
 8.790	 8.790	 1.000	 2.580	 2.604
 8.800	 8.800	 1.000	 2.605	 2.505
 8.810	 8.810	 1.000	 2.630	 2.406
 8.820	 8.820	 1.000	 2.653	 2.308
 8.830	 8.830	 1.000	 2.676	 2.209
 8.840	 8.840	 1.000	 2.698	 2.111
 8.850	 8.850	 1.000	 2.718	 2.012
 8.860	 8.860	 1.000	 2.738	 1.914
 8.870	 8.870	 1.000	 2.756	 1.815
 8.880	 8.880	 1.000	 2.774	 1.716
 8.890	 8.890	 1.000	 2.791	 1.618
 8.900	 8.900	 1.000	 2.806	 1.519
 8.910	 8.910	 1.000	 2.821	 1.421
 8.920	 8.920	 1.000	 2.835	 1.322
 8.930	 8.930	 1.000	 2.848	 1.223
 8.940	 8.940	 1.000	 2.859	 1.125
 8.950	 8.950	 1.000	 2.870	 1.026
 8.960	 8.960	 1.000	 2.880	 0.928
 8.970	 8.970	 1.000	 2.889	 0.829
 8.980	 8.980	 1.000	 2.896	 0.730
 8.990	 8.990	 1.000	 2.903	 0.632
 9.000	 9.000	 1.000	 2.909	 0.533
 9.010	 9.010	 1.000	 2.914	 0.435
 9.020	 9.020	 1.000	 2.918	 0.336
 9.030	 9.030	 1.000	 2.921	 0.237
 9.040	 9.040	 1.000	 2.923	 0.139
 9.050	 9.050	 1.000	 2.923	 0.040
 9.060	 9.060	 1.000	 2.923	-0.058
 9.070	 9.070	 1.000	 2.922	-0.157
 9.080	 9.080	 1.000	 2.920	-0.255
 9.090	 9.090	 1.000	 2.917	-0.354
 9.100	 9.100	 1.000	 2.913	-0.453
 9.110	 9.110	 1.000	 2.908	-0.551
 9.120	 9.120	 1.000	 2.902	-0.650
 9.130	 9.130	 1.000	 2.895	-0.748
 9.140	 9.140	 1.000	 2.887	-0.847
 9.150	 9.150	 1.000	 2.878	-0.946
 9.160	 9.160	 1.000	 2.868	-1.044
 9.170	 9.170	 1.000	 2.857	-1.143
 9.180	 9.180	 1.000	 2.845	-1.241
 9.190	 9.190	 1.000	 2.832	-1.340
 9.200	 9.200	 1.000	 2.819	-1.439
 9.210	 9.210	 1.000	 2.804	-1.537
 9.220	 9.220	 1.000	 2.788	-1.636
 9.230	 9.230	 1.000	 2.771	-1.734
 9.240	 9.240	 1.000	 2.753	-1.833
 9.250	 9.250	 1.000	 2.734	-1.932
 9.260	 9.260	 1.000	 2.714	-2.030
 9.270	 9.270	 1.000	 2.694	-2.129
 9.280	 9.280	 1.000	 2.672	-2.227
 9.290	 9.290	 1.000	 2.649	-2.326
 9.300	 9.300	 1.000	 2.625	-2.425
 9.310	 9.310	 1.000	 2.601	-2.523
 9.320	 9.320	 1.000	 2.575	-2.622
 9.330	 9.330	 1.000	 2.548	-2.720
 9.340	 9.340	 1.000	 2.521	-2.819
 9.350	 9.350	 1.000	 2.492	-2.917
 9.360	 9.360	 1.000	 2.462	-3.016
 9.370	 9.370	 1.000	 2.432	-3.115
 9.380	 9.380	 1.000	 2.400	-3.213
 9.390	 9.390	 1.000	 2.367	-3.312
 9.400	 9.400	 1.000	 2.334	-3.410
 9.410	 9.410	 1.000	 2.299	-3.509
 9.420	 9.420	 1.000	 2.263	-3.608
 9.430	 9.430	 1.000	 2.227	-3.706
 9.440	 9.440	 1.000	 2.189	-3.805
 9.450	 9.450	 1.000	 2.151	-3.903
 9.460	 9.460	 1.000	 2.111	-4.002
 9.470	 9.470	 1.000	 2.071	-4.101
 9.480	 9.480	 1.000	 2.029	-4.199
 9.490	 9.490	 1.000	 1.987	-4.298
 9.500	 9.500	 1.000	 1.943	-4.396
 9.510	 9.510	 1.000	 1.899	-4.495
 9.520	 9.520	 1.000	 1.853	-4.594
 9.530	 9.530	 1.000	 1.807	-4.692
 9.540	 9.540	 1.000	 1.760	-4.791
 9.550	 9.550	 1.000	 1.711	-4.889
 9.560	 9.560	 1.000	 1.662	-4.988
 9.570	 9.570	 1.000	 1.611	-5.087
 9.580	 9.580	 1.000	 1.560	-5.185
 9.590	 9.590	 1.000	 1.508	-5.284
 9.600	 9.600	 1.000	 1.454	-5.382
 9.610	 9.610	 1.000	 1.400	 4.306
 9.620	 9.620	 1.000	 1.443	 4.207
 9.630	 9.630	 1.000	 1.484	 4.109
 9.640	 9.640	 1.000	 1.525	 4.010
 9.650	 9.650	 1.000	 1.564	 3.911
 9.660	 9.660	 1.000	 1.603	 3.813
 9.670	 9.670	 1.000	 1.641	 3.714
 9.680	 9.680	 1.000	 1.677	 3.616
 9.690	 9.690	 1.000	 1.713	 3.517
 9.700	 9.700	 1.000	 1.748	 3.419
 9.710	 9.710	 1.000	 1.781	 3.320
 9.720	 9.720	 1.000	 1.814	 3.221
 9.730	 9.730	 1.000	 1.846	 3.123
 9.740	 9.740	 1.000	 1.877	 3.024
 9.750	 9.750	 1.000	 1.906	 2.926
 9.760	 9.760	 1.000	 1.935	 2.827
 9.770	 9.770	 1.000	 1.963	 2.728
 9.780	 9.780	 1.000	 1.990	 2.630
 9.790	 9.790	 1.000	 2.015	 2.531
 9.800	 9.800	 1.000	 2.040	 2.433
 9.810	 9.810	 1.000	 2.064	 2.334
 9.820	 9.820	 1.000	 2.087	 2.235
 9.830	 9.830	 1.000	 2.109	 2.137
 9.840	 9.840	 1.000	 2.130	 2.038
 9.850	 9.850	 1.000	 2.150	 1.940
 9.860	 9.860	 1.000	 2.168	 1.841
 9.870	 9.870	 1.000	 2.186	 1.742
 9.880	 9.880	 1.000	 2.203	 1.644
 9.890	 9.890	 1.000	 2.219	 1.545
 9.900	 9.900	 1.000	 2.234	 1.447
 9.910	 9.910	 1.000	 2.248	 1.348
 9.920	 9.920	 1.000	 2.261	 1.249
 9.930	 9.930	 1.000	 2.273	 1.151
 9.940	 9.940	 1.000	 2.284	 1.052
 9.950	 9.950	 1.000	 2.294	 0.954
 9.960	 9.960	 1.000	 2.303	 0.855
 9.970	 9.970	 1.000	 2.311	 0.757
 9.980	 9.980	 1.000	 2.318	 0.658
 9.990	 9.990	 1.000	 2.324	 0.559
10.000	10.000	 1.000	 2.330	 0.461
10.010	10.010	 1.000	 2.334	 0.362
10.020	10.020	 1.000	 2.337	 0.264
10.030	10.030	 1.000	 2.339	 0.165
10.040	10.040	 1.000	 2.340	 0.066
10.050	10.050	 1.000	 2.340	-0.032
10.060	10.060	 1.000	 2.339	-0.131
10.070	10.070	 1.000	 2.338	-0.229
10.080	10.080	 1.000	 2.335	-0.328
10.090	10.090	 1.000	 2.331	-0.427
10.100	10.100	 1.000	 2.326	-0.525
10.110	10.110	 1.000	 2.321	-0.624
10.120	10.120	 1.000	 2.314	-0.722
10.130	10.130	 1.000	 2.306	-0.821
10.140	10.140	 1.000	 2.297	-0.920
10.150	10.150	 1.000	 2.288	-1.018
10.160	10.160	 1.000	 2.277	-1.117
10.170	10.170	 1.000	 2.265	-1.215
10.180	10.180	 1.000	 2.253	-1.314
10.190	10.190	 1.000	 2.239	-1.413
10.200	10.200	 1.000	 2.225	-1.511
10.210	10.210	 1.000	 2.209	-1.610
10.220	10.220	 1.000	 2.192	-1.708
10.230	10.230	 1.000	 2.175	-1.807
10.240	10.240	 1.000	 2.156	-1.905
10.250	10.250	 1.000	 2.137	-2.004
10.260	10.260	 1.000	 2.116	-2.103
10.270	10.270	 1.000	 2.095	-2.201
10.280	10.280	 1.000	 2.072	-2.300
10.290	10.290	 1.000	 2.049	-2.398
10.300	10.300	 1.000	 2.024	-2.497
10.310	10.310	 1.000	 1.999	-2.596
10.320	10.320	 1.000	 1.972	-2.694
10.330	10.330	 1.000	 1.945	-2.793
10.340	10.340	 1.000	 1.916	-2.891
10.350	10.350	 1.000	 1.887	-2.990
10.360	10.360	 1.000	 1.857	-3.089
10.370	10.370	 1.000	 1.825	-3.187
10.380	10.380	 1.000	 1.793	-3.286
10.390	10.390	 1.000	 1.760	-3.384
10.400	10.400	 1.000	 1.725	-3.483
10.410	10.410	 1.000	 1.690	-3.582
10.420	10.420	 1.000	 1.654	-3.680
10.430	10.430	 1.000	 1.616	-3.779
10.440	10.440	 1.000	 1.578	-3.877
10.450	10.450	 1.000	 1.539	-3.976
10.460	10.460	 1.000	 1.498	-4.075
10.470	10.470	 1.000	 1.457	-4.173
10.480	10.480	 1.000	 1.415	-4.272
10.490	10.490	 1.000	 1.372	-4.370
10.500	10.500	 1.000	 1.328	-4.469
10.510	10.510	 1.000	 1.282	-4.567
10.520	10.520	 1.000	 1.236	-4.666
10.530	10.530	 1.000	 1.189	-4.765
10.540	10.540	 1.000	 1.141	-4.863
10.550	10.550	 1.000	 1.092	-4.962
10.560	10.560	 1.000	 1.042	-5.060
10.570	10.570	 1.000	 0.991	-5.159
10.580	10.580	 1.000	 0.939	 4.127
10.590	10.590	 1.000	 0.979	 4.029
10.600	10.600	 1.000	 1.019	 3.930
10.610	10.610	 1.000	 1.058	 3.831
10.620	10.620	 1.000	 1.096	 3.733
10.630	10.630	 1.000	 1.133	 3.634
10.640	10.640	 1.000	 1.168	 3.536
10.650	10.650	 1.000	 1.203	 3.437
10.660	10.660	 1.000	 1.237	 3.338
10.670	10.670	 1.000	 1.270	 3.240
10.680	10.680	 1.000	 1.302	 3.141
10.690	10.690	 1.000	 1.333	 3.043
10.700	10.700	 1.000	 1.363	 2.944
10.710	10.710	 1.000	 1.392	 2.846
10.720	10.720	 1.000	 1.420	 2.747
10.730	10.730	 1.000	 1.447	 2.648
10.740	10.740	 1.000	 1.473	 2.550
10.750	10.750	 1.000	 1.498	 2.451
10.760	10.760	 1.000	 1.522	 2.353
10.770	10.770	 1.000	 1.545	 2.254
10.780	10.780	 1.000	 1.567	 2.155
10.790	10.790	 1.000	 1.588	 2.057
10.800	10.800	 1.000	 1.608	 1.958
10.810	10.810	 1.000	 1.627	 1.860
10.820	10.820	 1.000	 1.645	 1.761
10.830	10.830	 1.000	 1.662	 1.662
10.840	10.840	 1.000	 1.678	 1.564
10.850	10.850	 1.000	 1.694	 1.465
10.860	10.860	 1.000	 1.708	 1.367
10.870	10.870	 1.000	 1.721	 1.268
10.880	10.880	 1.000	 1.733	 1.169
10.890	10.890	 1.000	 1.744	 1.071
10.900	10.900	 1.000	 1.754	 0.972
10.910	10.910	 1.000	 1.764	 0.874
10.920	10.920	 1.000	 1.772	 0.775
10.930	10.930	 1.000	 1.779	 0.676
10.940	10.940	 1.000	 1.785	 0.578
10.950	10.950	 1.000	 1.791	 0.479
10.960	10.960	 1.000	 1.795	 0.381
10.970	10.970	 1.000	 1.798	 0.282
10.980	10.980	 1.000	 1.801	 0.184
10.990	10.990	 1.000	 1.802	 0.085
11.000	11.000	 1.000	 1.802	-0.014
11.010	11.010	 1.000	 1.802	-0.112
11.020	11.020	 1.000	 1.800	-0.211
11.030	11.030	 1.000	 1.798	-0.309
11.040	11.040	 1.000	 1.794	-0.408
11.050	11.050	 1.000	 1.789	-0.507
11.060	11.060	 1.000	 1.784	-0.605
11.070	11.070	 1.000	 1.777	-0.704
11.080	11.080	 1.000	 1.770	-0.802
11.090	11.090	 1.000	 1.761	-0.901
11.100	11.100	 1.000	 1.752	-1.000
11.110	11.110	 1.000	 1.741	-1.098
11.120	11.120	 1.000	 1.730	-1.197
11.130	11.130	 1.000	 1.717	-1.295
11.140	11.140	 1.000	 1.704	-1.394
11.150	11.150	 1.000	 1.689	-1.493
11.160	11.160	 1.000	 1.674	-1.591
11.170	11.170	 1.000	 1.658	-1.690
11.180	11.180	 1.000	 1.640	-1.788
11.190	11.190	 1.000	 1.622	-1.887
11.200	11.200	 1.000	 1.603	-1.986
11.210	11.210	 1.000	 1.582	-2.084
11.220	11.220	 1.000	 1.561	-2.183
11.230	11.230	 1.000	 1.539	-2.281
11.240	11.240	 1.000	 1.515	-2.380
11.250	11.250	 1.000	 1.491	-2.478
11.260	11.260	 1.000	 1.466	-2.577
11.270	11.270	 1.000	 1.439	-2.676
11.280	11.280	 1.000	 1.412	-2.774
11.290	11.290	 1.000	 1.384	-2.873
11.300	11.300	 1.000	 1.355	-2.971
11.310	11.310	 1.000	 1.324	-3.070
11.320	11.320	 1.000	 1.293	-3.169
11.330	11.330	 1.000	 1.261	-3.267
11.340	11.340	 1.000	 1.228	-3.366
11.350	11.350	 1.000	 1.194	-3.464
11.360	11.360	 1.000	 1.159	-3.563
11.370	11.370	 1.000	 1.123	-3.662
11.380	11.380	 1.000	 1.085	-3.760
11.390	11.390	 1.000	 1.047	-3.859
11.400	11.400	 1.000	 1.008	-3.957
11.410	11.410	 1.000	 0.968	-4.056
11.420	11.420	 1.000	 0.927	-4.155
11.430	11.430	 1.000	 0.885	-4.253
11.440	11.440	 1.000	 0.842	-4.352
11.450	11.450	 1.000	 0.798	-4.450
11.460	11.460	 1.000	 0.753	-4.549
11.470	11.470	 1.000	 0.707	-4.647
11.480	11.480	 1.000	 0.660	-4.746
11.490	11.490	 1.000	 0.612	-4.845
11.500	11.500	 1.000	 0.563	-4.943
11.510	11.510	 1.000	 0.513	-5.042
11.520	11.520	 1.000	 0.462	-5.140
11.530	11.530	 1.000	 0.411	 4.112
11.540	11.540	 1.000	 0.451	 4.014
11.550	11.550	 1.000	 0.491	 3.915
11.560	11.560	 1.000	 0.529	 3.817
11.570	11.570	 1.000	 0.567	 3.718
11.580	11.580	 1.000	 0.604	 3.619
11.590	11.590	 1.000	 0.640	 3.521
11.600	11.600	 1.000	 0.674	 3.422
11.610	11.610	 1.000	 0.708	 3.324
11.620	11.620	 1.000	 0.741	 3.225
11.630	11.630	 1.000	 0.772	 3.126
11.640	11.640	 1.000	 0.803	 3.028
11.650	11.650	 1.000	 0.833	 2.929
11.660	11.660	 1.000	 0.862	 2.831
11.670	11.670	 1.000	 0.890	 2.732
11.680	11.680	 1.000	 0.916	 2.633
11.690	11.690	 1.000	 0.942	 2.535
11.700	11.700	 1.000	 0.967	 2.436
11.710	11.710	 1.000	 0.991	 2.338
11.720	11.720	 1.000	 1.014	 2.239
11.730	11.730	 1.000	 1.036	 2.141
11.740	11.740	 1.000	 1.057	 2.042
11.750	11.750	 1.000	 1.077	 1.943
11.760	11.760	 1.000	 1.096	 1.845
11.770	11.770	 1.000	 1.114	 1.746
11.780	11.780	 1.000	 1.131	 1.648
11.790	11.790	 1.000	 1.146	 1.549
11.800	11.800	 1.000	 1.161	 1.450
11.810	11.810	 1.000	 1.176	 1.352
11.820	11.820	 1.000	 1.189	 1.253
11.830	11.830	 1.000	 1.201	 1.155
11.840	11.840	 1.000	 1.212	 1.056
11.850	11.850	 1.000	 1.222	 0.957
11.860	11.860	 1.000	 1.231	 0.859
11.870	11.870	 1.000	 1.239	 0.760
11.880	11.880	 1.000	 1.246	 0.662
11.890	11.890	 1.000	 1.252	 0.563
11.900	11.900	 1.000	 1.257	 0.464
11.910	11.910	 1.000	 1.261	 0.366
11.920	11.920	 1.000	 1.265	 0.267
11.930	11.930	 1.000	 1.267	 0.169
11.940	11.940	 1.000	 1.268	 0.070
11.950	11.950	 1.000	 1.268	-0.029
11.960	11.960	 1.000	 1.267	-0.127
11.970	11.970	 1.000	 1.266	-0.226
11.980	11.980	 1.000	 1.263	-0.324
11.990	11.990	 1.000	 1.259	-0.423
12.000	12.000	 1.000	 1.254	-0.521
12.010	12.010	 1.000	 1.249	-0.620
12.020	12.020	 1.000	 1.242	-0.719
12.030	12.030	 1.000	 1.234	-0.817
12.040	12.040	 1.000	 1.226	-0.916
12.050	12.050	 1.000	 1.216	-1.014
12.060	12.060	 1.000	 1.205	-1.113
12.070	12.070	 1.000	 1.194	-1.212
12.080	12.080	 1.000	 1.181	-1.310
12.090	12.090	 1.000	 1.168	-1.409
12.100	12.100	 1.000	 1.153	-1.507
12.110	12.110	 1.000	 1.137	-1.606
12.120	12.120	 1.000	 1.121	-1.705
12.130	12.130	 1.000	 1.103	-1.803
12.140	12.140	 1.000	 1.085	-1.902
12.150	12.150	 1.000	 1.065	-2.000
12.160	12.160	 1.000	 1.045	-2.099
12.170	12.170	 1.000	 1.023	-2.198
12.180	12.180	 1.000	 1.001	-2.296
12.190	12.190	 1.000	 0.977	-2.395
12.200	12.200	 1.000	 0.953	-2.493
12.210	12.210	 1.000	 0.928	-2.592
12.220	12.220	 1.000	 0.901	-2.690
12.230	12.230	 1.000	 0.874	-2.789
12.240	12.240	 1.000	 0.845	-2.888
12.250	12.250	 1.000	 0.816	-2.986
12.260	12.260	 1.000	 0.786	-3.085
12.270	12.270	 1.000	 0.754	-3.183
12.280	12.280	 1.000	 0.722	-3.282
12.290	12.290	 1.000	 0.689	-3.381
12.300	12.300	 1.000	 0.654	-3.479
12.310	12.310	 1.000	 0.619	-3.578
12.320	12.320	 1.000	 0.583	-3.676
12.330	12.330	 1.000	 0.546	-3.775
12.340	12.340	 1.000	 0.507	-3.874
12.350	12.350	 1.000	 0.468	-3.972
12.360	12.360	 1.000	 0.428	-4.071
12.370	12.370	 1.000	 0.387	-4.169
12.380	12.380	 1.000	 0.344	-4.268
12.390	12.390	 1.000	 0.301	-4.367
12.400	12.400	 1.000	 0.257	-4.465
12.410	12.410	 1.000	 0.212	-4.564
12.420	12.420	 1.000	 0.166	-4.662
12.430	12.430	 1.000	 0.119	-4.761
12.440	12.440	 1.000	 0.071	-4.860
12.450	12.450	 1.000	 0.022	-4.958
12.460	12.460	 1.000	-0.029	-5.057
12.470	12.470	 1.000	-0.080	 4.045
12.480	12.480	 1.000	-0.040	 3.947
12.490	12.490	 1.000	-0.001	 3.848
12.500	12.500	 1.000	 0.037	 3.750
12.510	12.510	 1.000	 0.074	 3.651
12.520	12.520	 1.000	 0.110	 3.552
12.530	12.530	 1.000	 0.145	 3.454
12.540	12.540	 1.000	 0.179	 3.355
12.550	12.550	 1.000	 0.212	 3.257
12.560	12.560	 1.000	 0.245	 3.158
12.570	12.570	 1.000	 0.276	 3.059
12.580	12.580	 1.000	 0.306	 2.961
12.590	12.590	 1.000	 0.335	 2.862
12.600	12.600	 1.000	 0.363	 2.764
12.610	12.610	 1.000	 0.390	 2.665
12.620	12.620	 1.000	 0.416	 2.566
12.630	12.630	 1.000	 0.441	 2.468
12.640	12.640	 1.000	 0.466	 2.369
12.650	12.650	 1.000	 0.489	 2.271
12.660	12.660	 1.000	 0.511	 2.172
12.670	12.670	 1.000	 0.532	 2.074
12.680	12.680	 1.000	 0.553	 1.975
12.690	12.690	 1.000	 0.572	 1.876
12.700	12.700	 1.000	 0.590	 1.778
12.710	12.710	 1.000	 0.607	 1.679
12.720	12.720	 1.000	 0.624	 1.581
12.730	12.730	 1.000	 0.639	 1.482
12.740	12.740	 1.000	 0.653	 1.383
12.750	12.750	 1.000	 0.667	 1.285
12.760	12.760	 1.000	 0.679	 1.186
12.770	12.770	 1.000	 0.690	 1.088
12.780	12.780	 1.000	 0.701	 0.989
12.790	12.790	 1.000	 0.710	 0.890
12.800	12.800	 1.000	 0.719	 0.792
12.810	12.810	 1.000	 0.726	 0.693
12.820	12.820	 1.000	 0.732	 0.595
12.830	12.830	 1.000	 0.738	 0.496
12.840	12.840	 1.000	 0.742	 0.397
12.850	12.850	 1.000	 0.746	 0.299
12.860	12.860	 1.000	 0.748	 0.200
12.870	12.870	 1.000	 0.750	 0.102
12.880	12.880	 1.000	 0.750	 0.003
12.890	12.890	 1.000	 0.750	-0.096
12.900	12.900	 1.000	 0.748	-0.194
12.910	12.910	 1.000	 0.746	-0.293
12.920	12.920	 1.000	 0.743	-0.391
12.930	12.930	 1.000	 0.738	-0.490
12.940	12.940	 1.000	 0.733	-0.588
12.950	12.950	 1.000	 0.726	-0.687
12.960	12.960	 1.000	 0.719	-0.786
12.970	12.970	 1.000	 0.711	-0.884
12.980	12.980	 1.000	 0.701	-0.983
12.990	12.990	 1.000	 0.691	-1.081
13.000	13.000	 1.000	 0.680	-1.180
13.010	13.010	 1.000	 0.667	-1.279
13.020	13.020	 1.000	 0.654	-1.377
13.030	13.030	 1.000	 0.640	-1.476
13.040	13.040	 1.000	 0.625	-1.574
13.050	13.050	 1.000	 0.608	-1.673
13.060	13.060	 1.000	 0.591	-1.772
13.070	13.070	 1.000	 0.573	-1.870
13.080	13.080	 1.000	 0.554	-1.969
13.090	13.090	 1.000	 0.534	-2.067
13.100	13.100	 1.000	 0.512	-2.166
13.110	13.110	 1.000	 0.490	-2.265
13.120	13.120	 1.000	 0.467	-2.363
13.130	13.130	 1.000	 0.443	-2.462
13.140	13.140	 1.000	 0.418	-2.560
13.150	13.150	 1.000	 0.392	-2.659
13.160	13.160	 1.000	 0.365	-2.757
13.170	13.170	 1.000	 0.337	-2.856
13.180	13.180	 1.000	 0.308	-2.955
13.190	13.190	 1.000	 0.278	-3.053
13.200	13.200	 1.000	 0.247	-3.152
13.210	13.210	 1.000	 0.215	-3.250
13.220	13.220	 1.000	 0.182	-3.349
13.230	13.230	 1.000	 0.148	-3.448
13.240	13.240	 1.000	 0.113	-3.546
13.250	13.250	 1.000	 0.077	-3.645
13.260	13.260	 1.000	 0.040	-3.743
13.270	13.270	 1.000	 0.002	-3.842
13.280	13.280	 1.000	-0.037	-3.941
13.290	13.290	 1.000	-0.077	 3.152
13.300	13.300	 1.000	-0.046	 3.054
13.310	13.310	 1.000	-0.016	 2.955
13.320	13.320	 1.000	 0.013	 2.857
13.330	13.330	 1.000	 0.041	 2.758
13.340	13.340	 1.000	 0.068	 2.660
13.350	13.350	 1.000	 0.094	 2.561
13.360	13.360	 1.000	 0.120	 2.462
13.370	13.370	 1.000	 0.144	 2.364
13.380	13.380	 1.000	 0.167	 2.265
13.390	13.390	 1.000	 0.189	 2.167
13.400	13.400	 1.000	 0.210	 2.068
13.410	13.410	 1.000	 0.230	 1.969
13.420	13.420	 1.000	 0.250	 1.871
13.430	13.430	 1.000	 0.268	 1.772
13.440	13.440	 1.000	 0.285	 1.674
13.450	13.450	 1.000	 0.301	 1.575
13.460	13.460	 1.000	 0.316	 1.476
13.470	13.470	 1.000	 0.331	 1.378
13.480	13.480	 1.000	 0.344	 1.279
13.490	13.490	 1.000	 0.356	 1.181
13.500	13.500	 1.000	 0.368	 1.082
13.510	13.510	 1.000	 0.378	 0.983
13.520	13.520	 1.000	 0.387	 0.885
13.530	13.530	 1.000	 0.396	 0.786
13.540	13.540	 1.000	 0.403	 0.688
13.550	13.550	 1.000	 0.409	 0.589
13.560	13.560	 1.000	 0.415	 0.490
13.570	13.570	 1.000	 0.419	 0.392
13.580	13.580	 1.000	 0.423	 0.293
13.590	13.590	 1.000	 0.425	 0.195
13.600	13.600	 1.000	 0.427	 0.096
13.610	13.610	 1.000	 0.427	-0.002
13.620	13.620	 1.000	 0.427	-0.101
13.630	13.630	 1.000	 0.425	-0.200
13.640	13.640	 1.000	 0.423	-0.298
13.650	13.650	 1.000	 0.419	-0.397
13.660	13.660	 1.000	 0.415	-0.495
13.670	13.670	 1.000	 0.409	-0.594
13.680	13.680	 1.000	 0.403	-0.693
13.690	13.690	 1.000	 0.395	-0.791
13.700	13.700	 1.000	 0.387	-0.890
13.710	13.710	 1.000	 0.377	-0.988
13.720	13.720	 1.000	 0.367	-1.087
13.730	13.730	 1.000	 0.356	-1.186
13.740	13.740	 1.000	 0.343	-1.284
13.750	13.750	 1.000	 0.330	-1.383
13.760	13.760	 1.000	 0.316	-1.481
13.770	13.770	 1.000	 0.300	-1.580
13.780	13.780	 1.000	 0.284	-1.679
13.790	13.790	 1.000	 0.267	-1.777
13.800	13.800	 1.000	 0.249	-1.876
13.810	13.810	 1.000	 0.229	-1.974
13.820	13.820	 1.000	 0.209	-2.073
13.830	13.830	 1.000	 0.188	-2.171
13.840	13.840	 1.000	 0.166	-2.270
13.850	13.850	 1.000	 0.143	-2.369
13.860	13.860	 1.000	 0.118	-2.467
13.870	13.870	 1.000	 0.093	-2.566
13.880	13.880	 1.000	 0.067	-2.664
13.890	13.890	 1.000	 0.040	-2.763
13.900	13.900	 1.000	 0.012	-2.862
13.910	13.910	 1.000	-0.017	-2.960
13.920	13.920	 1.000	-0.047	 2.368
13.930	13.930	 1.000	-0.024	 2.270
13.940	13.940	 1.000	-0.002	 2.171
13.950	13.950	 1.000	 0.019	 2.072
13.960	13.960	 1.000	 0.039	 1.974
13.970	13.970	 1.000	 0.059	 1.875
13.980	13.980	 1.000	 0.077	 1.777
13.990	13.990	 1.000	 0.094	 1.678
14.000	14.000	 1.000	 0.110	 1.579
14.010	14.010	 1.000	 0.126	 1.481
14.020	14.020	 1.000	 0.140	 1.382
14.030	14.030	 1.000	 0.153	 1.284
14.040	14.040	 1.000	 0.166	 1.185
14.050	14.050	 1.000	 0.177	 1.086
14.060	14.060	 1.000	 0.187	 0.988
14.070	14.070	 1.000	 0.197	 0.889
14.080	14.080	 1.000	 0.205	 0.791
14.090	14.090	 1.000	 0.213	 0.692
14.100	14.100	 1.000	 0.219	 0.594
14.110	14.110	 1.000	 0.225	 0.495
14.120	14.120	 1.000	 0.229	 0.396
14.130	14.130	 1.000	 0.232	 0.298
14.140	14.140	 1.000	 0.235	 0.199
14.150	14.150	 1.000	 0.236	 0.101
14.160	14.160	 1.000	 0.237	 0.002
14.170	14.170	 1.000	 0.237	-0.097
14.180	14.180	 1.000	 0.235	-0.195
14.190	14.190	 1.000	 0.233	-0.294
14.200	14.200	 1.000	 0.229	-0.392
14.210	14.210	 1.000	 0.225	-0.491
14.220	14.220	 1.000	 0.219	-0.590
14.230	14.230	 1.000	 0.213	-0.688
14.240	14.240	 1.000	 0.206	-0.787
14.250	14.250	 1.000	 0.197	-0.885
14.260	14.260	 1.000	 0.188	-0.984
14.270	14.270	 1.000	 0.178	-1.083
14.280	14.280	 1.000	 0.166	-1.181
14.290	14.290	 1.000	 0.154	-1.280
14.300	14.300	 1.000	 0.141	-1.378
14.310	14.310	 1.000	 0.126	-1.477
14.320	14.320	 1.000	 0.111	-1.575
14.330	14.330	 1.000	 0.095	-1.674
14.340	14.340	 1.000	 0.078	-1.773
14.350	14.350	 1.000	 0.059	-1.871
14.360	14.360	 1.000	 0.040	-1.970
14.370	14.370	 1.000	 0.020	-2.068
14.380	14.380	 1.000	-0.001	-2.167
14.390	14.390	 1.000	-0.023	 1.734
14.400	14.400	 1.000	-0.006	 1.635
14.410	14.410	 1.000	 0.009	 1.536
14.420	14.420	 1.000	 0.024	 1.438
14.430	14.430	 1.000	 0.038	 1.339
14.440	14.440	 1.000	 0.051	 1.241
14.450	14.450	 1.000	 0.063	 1.142
14.460	14.460	 1.000	 0.074	 1.043
14.470	14.470	 1.000	 0.084	 0.945
14.480	14.480	 1.000	 0.093	 0.846
14.490	14.490	 1.000	 0.101	 0.748
14.500	14.500	 1.000	 0.108	 0.649
14.510	14.510	 1.000	 0.114	 0.551
14.520	14.520	 1.000	 0.119	 0.452
14.530	14.530	 1.000	 0.123	 0.353
14.540	14.540	 1.000	 0.126	 0.255
14.550	14.550	 1.000	 0.128	 0.156
14.560	14.560	 1.000	 0.129	 0.058
14.570	14.570	 1.000	 0.129	-0.041
14.580	14.580	 1.000	 0.128	-0.140
14.590	14.590	 1.000	 0.126	-0.238
14.600	14.600	 1.000	 0.123	-0.337
14.610	14.610	 1.000	 0.120	-0.435
14.620	14.620	 1.000	 0.115	-0.534
14.630	14.630	 1.000	 0.109	-0.633
14.640	14.640	 1.000	 0.102	-0.731
14.650	14.650	 1.000	 0.094	-0.830
14.660	14.660	 1.000	 0.085	-0.928
14.670	14.670	 1.000	 0.076	-1.027
14.680	14.680	 1.000	 0.065	-1.126
14.690	14.690	 1.000	 0.053	-1.224
14.700	14.700	 1.000	 0.040	-1.323
14.710	14.710	 1.000	 0.027	-1.421
14.720	14.720	 1.000	 0.012	-1.520
14.730	14.730	 1.000	-0.004	-1.618
14.740	14.740	 1.000	-0.020	 1.295
14.750	14.750	 1.000	-0.008	 1.196
14.760	14.760	 1.000	 0.004	 1.098
14.770	14.770	 1.000	 0.014	 0.999
14.780	14.780	 1.000	 0.024	 0.900
14.790	14.790	 1.000	 0.032	 0.802
14.800	14.800	 1.000	 0.040	 0.703
14.810	14.810	 1.000	 0.046	 0.605
14.820	14.820	 1.000	 0.052	 0.506
14.830	14.830	 1.000	 0.056	 0.407
14.840	14.840	 1.000	 0.060	 0.309
14.850	14.850	 1.000	 0.062	 0.210
14.860	14.860	 1.000	 0.064	 0.112
14.870	14.870	 1.000	 0.065	 0.013
14.880	14.880	 1.000	 0.064	-0.085
14.890	14.890	 1.000	 0.063	-0.184
14.900	14.900	 1.000	 0.061	-0.283
14.910	14.910	 1.000	 0.057	-0.381
14.920	14.920	 1.000	 0.053	-0.480
14.930	14.930	 1.000	 0.048	-0.578
14.940	14.940	 1.000	 0.041	-0.677
14.950	14.950	 1.000	 0.034	-0.776
14.960	14.960	 1.000	 0.026	-0.874
14.970	14.970	 1.000	 0.017	-0.973
14.980	14.980	 1.000	 0.006	-1.071
14.990	14.990	 1.000	-0.005	-1.170
15.000	15.000	 1.000	-0.017	 0.936
15.010	15.010	 1.000	-0.008	 0.837
15.020	15.020	 1.000	-0.000	 0.739
15.030	15.030	 1.000	 0.007	 0.640
15.040	15.040	 1.000	 0.013	 0.542
15.050	15.050	 1.000	 0.018	 0.443
15.060	15.060	 1.000	 0.021	 0.344
15.070	15.070	 1.000	 0.024	 0.246
15.080	15.080	 1.000	 0.026	 0.147
15.090	15.090	 1.000	 0.027	 0.049
15.100	15.100	 1.000	 0.027	-0.050
15.110	15.110	 1.000	 0.026	-0.149
15.120	15.120	 1.000	 0.024	-0.247
15.130	15.130	 1.000	 0.021	-0.346
15.140	15.140	 1.000	 0.017	-0.444
15.150	15.150	 1.000	 0.013	-0.543
15.160	15.160	 1.000	 0.007	-0.641
15.170	15.170	 1.000	-0.000	-0.740
15.180	15.180	 1.000	-0.008	 0.592
15.190	15.190	 1.000	-0.003	 0.493
15.200	15.200	 1.000	 0.002	 0.395
15.210	15.210	 1.000	 0.005	 0.296
15.220	15.220	 1.000	 0.008	 0.198
15.230	15.230	 1.000	 0.009	 0.099
15.240	15.240	 1.000	 0.010	 0.000
15.250	15.250	 1.000	 0.009	-0.098
15.260	15.260	 1.000	 0.008	-0.197
15.270	15.270	 1.000	 0.005	-0.295
15.280	15.280	 1.000	 0.002	-0.394
15.290	15.290	 1.000	-0.003	-0.492
15.300	15.300	 1.000	-0.008	 0.394
15.310	15.310	 1.000	-0.005	 0.295
15.320	15.320	 1.000	-0.002	 0.197
15.330	15.330	 1.000	-0.001	 0.098
15.340	15.340	 1.000	 0.000	-0.000
15.350	15.350	 1.000	-0.000	-0.099
15.360	15.360	 1.000	-0.002	 0.079
15.370	15.370	 1.000	 0.000	-0.019
15.380	15.380	 1.000	-0.001	-0.118
15.390	15.390	 1.000	-0.002	 0.094
15.400	15.400	 1.000	 0.000	-0.004
15.410	15.410	 1.000	-0.001	-0.103
15.420	15.420	 1.000	-0.002	 0.082
15.430	15.430	 1.000	 0.000	-0.016
15.440	15.440	 1.000	-0.001	-0.115
15.450	15.450	 1.000	-0.002	 0.092
15.460	15.460	 1.000	 0.000	-0.007
15.470	15.470	 1.000	-0.001	-0.105
15.480	15.480	 1.000	-0.002	 0.084
15.490	15.490	 1.000	 0.000	-0.014
15.500	15.500	 1.000	-0.001	-0.113
15.510	15.510	 1.000	-0.002	 0.090
15.520	15.520	 1.000	 0.000	-0.008
15.530	15.530	 1.000	-0.001	-0.107
15.540	15.540	 1.000	-0.002	 0.085
15.550	15.550	 1.000	 0.000	-0.013
15.560	15.560	 1.000	-0.001	-0.112
15.570	15.570	 1.000	-0.002	 0.089
15.580	15.580	 1.000	 0.000	-0.009
15.590	15.590	 1.000	-0.001	-0.108
15.600	15.600	 1.000	-0.002	 0.086
15.610	15.610	 1.000	 0.000	-0.012
15.620	15.620	 1.000	-0.001	-0.111
15.630	15.630	 1.000	-0.002	 0.089
15.640	15.640	 1.000	 0.000	-0.010
15.650	15.650	 1.000	-0.001	-0.108
15.660	15.660	 1.000	-0.002	 0.087
15.670	15.670	 1.000	 0.000	-0.012
15.680	15.680	 1.000	-0.001	-0.110
15.690	15.690	 1.000	-0.002	 0.088
15.700	15.700	 1.000	 0.000	-0.010
15.710	15.710	 1.000	-0.001	-0.109
15.720	15.720	 1.000	-0.002	 0.087
15.730	15.730	 1.000	 0.000	-0.012
15.740	15.740	 1.000	-0.001	-0.110
15.750	15.750	 1.000	-0.002	 0.088
15.760	15.760	 1.000	 0.000	-0.010
15.770	15.770	 1.000	-0.001	-0.109
15.780	15.780	 1.000	-0.002	 0.087
15.790	15.790	 1.000	 0.000	-0.011
15.800	15.800	 1.000	-0.001	-0.110
15.810	15.810	 1.000	-0.002	 0.088
15.820	15.820	 1.000	 0.000	-0.011
15.830	15.830	 1.000	-0.001	-0.109
15.840	15.840	 1.000	-0.002	 0.087
15.850	15.850	 1.000	 0.000	-0.011
15.860	15.860	 1.000	-0.001	-0.110
15.870	15.870	 1.000	-0.002	 0.088
15.880	15.880	 1.000	 0.000	-0.011
15.890	15.890	 1.000	-0.001	-0.109
15.900	15.900	 1.000	-0.002	 0.087
15.910	15.910	 1.000	 0.000	-0.011
15.920	15.920	 1.000	-0.001	-0.110
15.930	15.930	 1.000	-0.002	 0.088
15.940	15.940	 1.000	 0.000	-0.011
15.950	15.950	 1.000	-0.001	-0.109
15.960	15.960	 1.000	-0.002	 0.088
15.970	15.970	 1.000	 0.000	-0.011
15.980	15.980	 1.000	-0.001	-0.110
15.990	15.990	 1.000	-0.002	 0.088
16.000	16.000	 1.000	 0.000	-0.011
16.010	16.010	 1.000	-0.001	-0.109
16.020	16.020	 1.000	-0.002	 0.088
16.030	16.030	 1.000	 0.000	-0.011
16.040	16.040	 1.000	-0.001	-0.110
16.050	16.050	 1.000	-0.002	 0.088
16.060	16.060	 1.000	 0.000	-0.011
16.070	16.070	 1.000	-0.001	-0.109
16.080	16.080	 1.000	-0.002	 0.088
16.090	16.090	 1.000	 0.000	-0.011
16.100	16.100	 1.000	-0.001	-0.110
16.110	16.110	 1.000	-0.002	 0.088
16.120	16.120	 1.000	 0.000	-0.011
16.130	16.130	 1.000	-0.001	-0.110
16.140	16.140	 1.000	-0.002	 0.088
16.150	16.150	 1.000	 0.000	-0.011
16.160	16.160	 1.000	-0.001	-0.110
16.170	16.170	 1.000	-0.002	 0.088
16.180	16.180	 1.000	 0.000	-0.011
16.190	16.190	 1.000	-0.001	-0.110
16.200	16.200	 1.000	-0.002	 0.088
16.210	16.210	 1.000	 0.000	-0.011
16.220	16.220	 1.000	-0.001	-0.110
16.230	16.230	 1.000	-0.002	 0.088
16.240	16.240	 1.000	 0.000	-0.011
16.250	16.250	 1.000	-0.001	-0.110
16.260	16.260	 1.000	-0.002	 0.088
16.270	16.270	 1.000	 0.000	-0.011
16.280	16.280	 1.000	-0.001	-0.110
16.290	16.290	 1.000	-0.002	 0.088
16.300	16.300	 1.000	 0.000	-0.011
16.310	16.310	 1.000	-0.001	-0.110
16.320	16.320	 1.000	-0.002	 0.088
16.330	16.330	 1.000	 0.000	-0.011
16.340	16.340	 1.000	-0.001	-0.110
16.350	16.350	 1.000	-0.002	 0.088
16.360	16.360	 1.000	 0.000	-0.011
16.370	16.370	 1.000	-0.001	-0.110
16.380	16.380	 1.000	-0.002	 0.088
16.390	16.390	 1.000	 0.000	-0.011
16.400	16.400	 1.000	-0.001	-0.110
16.410	16.410	 1.000	-0.002	 0.088
16.420	16.420	 1.000	 0.000	-0.011
16.430	16.430	 1.000	-0.001	-0.110
16.440	16.440	 1.000	-0.002	 0.088
16.450	16.450	 1.000	 0.000	-0.011
16.460	16.460	 1.000	-0.001	-0.110
16.470	16.470	 1.000	-0.002	 0.088
16.480	16.480	 1.000	 0.000	-0.011
16.490	16.490	 1.000	-0.001	-0.110
16.500	16.500	 1.000	-0.002	 0.088
16.510	16.510	 1.000	 0.000	-0.011
16.520	16.520	 1.000	-0.001	-0.110
16.530	16.530	 1.000	-0.002	 0.088
16.540	16.540	 1.000	 0.000	-0.011
16.550	16.550	 1.000	-0.001	-0.110
16.560	16.560	 1.000	-0.002	 0.088
16.570	16.570	 1.000	 0.000	-0.011
16.580	16.580	 1.000	-0.001	-0.110
16.590	16.590	 1.000	-0.002	 0.088
16.600	16.600	 1.000	 0.000	-0.011
16.610	16.610	 1.000	-0.001	-0.110
16.620	16.620	 1.000	-0.002	 0.088
16.630	16.630	 1.000	 0.000	-0.011
16.640	16.640	 1.000	-0.001	-0.110
16.650	16.650	 1.000	-0.002	 0.088
16.660	16.660	 1.000	 0.000	-0.011
16.670	16.670	 1.000	-0.001	-0.110
16.680	16.680	 1.000	-0.002	 0.088
16.690	16.690	 1.000	 0.000	-0.011
16.700	16.700	 1.000	-0.001	-0.110
16.710	16.710	 1.000	-0.002	 0.088
16.720	16.720	 1.000	 0.000	-0.011
16.730	16.730	 1.000	-0.001	-0.110
16.740	16.740	 1.000	-0.002	 0.088
16.750	16.750	 1.000	 0.000	-0.011
16.760	16.760	 1.000	-0.001	-0.110
16.770	16.770	 1.000	-0.002	 0.088
16.780	16.780	 1.000	 0.000	-0.011
16.790	16.790	 1.000	-0.001	-0.110
16.800	16.800	 1.000	-0.002	 0.088
16.810	16.810	 1.000	 0.000	-0.011
16.820	16.820	 1.000	-0.001	-0.110
16.830	16.830	 1.000	-0.002	 0.088
16.840	16.840	 1.000	 0.000	-0.011
16.850	16.850	 1.000	-0.001	-0.110
16.860	16.860	 1.000	-0.002	 0.088
16.870	16.870	 1.000	 0.000	-0.011
16.880	16.880	 1.000	-0.001	-0.110
16.890	16.890	 1.000	-0.002	 0.088
16.900	16.900	 1.000	 0.000	-0.011
16.910	16.910	 1.000	-0.001	-0.110
16.920	16.920	 1.000	-0.002	 0.088
16.930	16.930	 1.000	 0.000	-0.011
16.940	16.940	 1.000	-0.001	-0.110
16.950	16.950	 1.000	-0.002	 0.088
16.960	16.960	 1.000	 0.000	-0.011
16.970	16.970	 1.000	-0.001	-0.110
16.980	16.980	 1.000	-0.002	 0.088
16.990	16.990	 1.000	 0.000	-0.011
17.000	17.000	 1.000	-0.001	-0.110
17.010	17.010	 1.000	-0.002	 0.088
17.020	17.020	 1.000	 0.000	-0.011
17.030	17.030	 1.000	-0.001	-0.110
17.040	17.040	 1.000	-0.002	 0.088
17.050	17.050	 1.000	 0.000	-0.011
17.060	17.060	 1.000	-0.001	-0.110
17.070	17.070	 1.000	-0.002	 0.088
17.080	17.080	 1.000	 0.000	-0.011
17.090	17.090	 1.000	-0.001	-0.110
17.100	17.100	 1.000	-0.002	 0.088
17.110	17.110	 1.000	 0.000	-0.011
17.120	17.120	 1.000	-0.001	-0.110
17.130	17.130	 1.000	-0.002	 0.088
17.140	17.140	 1.000	 0.000	-0.011
17.150	17.150	 1.000	-0.001	-0.110
17.160	17.160	 1.000	-0.002	 0.088
17.170	17.170	 1.000	 0.000	-0.011
17.180	17.180	 1.000	-0.001	-0.110
17.190	17.190	 1.000	-0.002	 0.088
17.200	17.200	 1.000	 0.000	-0.011
17.210	17.210	 1.000	-0.001	-0.110
17.220	17.220	 1.000	-0.002	 0.088
17.230	17.230	 1.000	 0.000	-0.011
17.240	17.240	 1.000	-0.001	-0.110
17.250	17.250	 1.000	-0.002	 0.088
17.260	17.260	 1.000	 0.000	-0.011
17.270	17.270	 1.000	-0.001	-0.110
17.280	17.280	 1.000	-0.002	 0.088
17.290	17.290	 1.000	 0.000	-0.011
17.300	17.300	 1.000	-0.001	-0.110
17.310	17.310	 1.000	-0.002	 0.088
17.320	17.320	 1.000	 0.000	-0.011
17.330	17.330	 1.000	-0.001	-0.110
17.340	17.340	 1.000	-0.002	 0.088
17.350	17.350	 1.000	 0.000	-0.011
17.360	17.360	 1.000	-0.001	-0.110
17.370	17.370	 1.000	-0.002	 0.088
17.380	17.380	 1.000	 0.000	-0.011
17.390	17.390	 1.000	-0.001	-0.110
17.400	17.400	 1.000	-0.002	 0.088
17.410	17.410	 1.000	 0.000	-0.011
17.420	17.420	 1.000	-0.001	-0.110
17.430	17.430	 1.000	-0.002	 0.088
17.440	17.440	 1.000	 0.000	-0.011
17.450	17.450	 1.000	-0.001	-0.110
17.460	17.460	 1.000	-0.002	 0.088
17.470	17.470	 1.000	 0.000	-0.011
17.480	17.480	 1.000	-0.001	-0.110
17.490	17.490	 1.000	-0.002	 0.088
17.500	17.500	 1.000	 0.000	-0.011
17.510	17.510	 1.000	-0.001	-0.110
17.520	17.520	 1.000	-0.002	 0.088
17.530	17.530	 1.000	 0.000	-0.011
17.540	17.540	 1.000	-0.001	-0.110
17.550	17.550	 1.000	-0.002	 0.088
17.560	17.560	 1.000	 0.000	-0.011
17.570	17.570	 1.000	-0.001	-0.110
17.580	17.580	 1.000	-0.002	 0.088
17.590	17.590	 1.000	 0.000	-0.011
17.600	17.600	 1.000	-0.001	-0.110
17.610	17.610	 1.000	-0.002	 0.088
17.620	17.620	 1.000	 0.000	-0.011
17.630	17.630	 1.000	-0.001	-0.110
17.640	17.640	 1.000	-0.002	 0.088
17.650	17.650	 1.000	 0.000	-0.011
17.660	17.660	 1.000	-0.001	-0.110
17.670	17.670	 1.000	-0.002	 0.088
17.680	17.680	 1.000	 0.000	-0.011
17.690	17.690	 1.000	-0.001	-0.110
17.700	17.700	 1.000	-0.002	 0.088
17.710	17.710	 1.000	 0.000	-0.011
17.720	17.720	 1.000	-0.001	-0.110
17.730	17.730	 1.000	-0.002	 0.088
17.740	17.740	 1.000	 0.000	-0.011
17.750	17.750	 1.000	-0.001	-0.110
17.760	17.760	 1.000	-0.002	 0.088
17.770	17.770	 1.000	 0.000	-0.011
17.780	17.780	 1.000	-0.001	-0.110
17.790	17.790	 1.000	-0.002	 0.088
17.800	17.800	 1.000	 0.000	-0.011
17.810	17.810	 1.000	-0.001	-0.110
17.820	17.820	 1.000	-0.002	 0.088
17.830	17.830	 1.000	 0.000	-0.011
17.840	17.840	 1.000	-0.001	-0.110
17.850	17.850	 1.000	-0.002	 0.088
17.860	17.860	 1.000	 0.000	-0.011
17.870	17.870	 1.000	-0.001	-0.110
17.880	17.880	 1.000	-0.002	 0.088
17.890	17.890	 1.000	 0.000	-0.011
17.900	17.900	 1.000	-0.001	-0.110
17.910	17.910	 1.000	-0.002	 0.088
17.920	17.920	 1.000	 0.000	-0.011
17.930	17.930	 1.000	-0.001	-0.110
17.940	17.940	 1.000	-0.002	 0.088
17.950	17.950	 1.000	 0.000	-0.011
17.960	17.960	 1.000	-0.001	-0.110
17.970	17.970	 1.000	-0.002	 0.088
17.980	17.980	 1.000	 0.000	-0.011
17.990	17.990	 1.000	-0.001	-0.110
18.000	18.000	 1.000	-0.002	 0.088
18.010	18.010	 1.000	 0.000	-0.011
18.020	18.020	 1.000	-0.001	-0.110
18.030	18.030	 1.000	-0.002	 0.088
18.040	18.040	 1.000	 0.000	-0.011
18.050	18.050	 1.000	-0.001	-0.110
18.060	18.060	 1.000	-0.002	 0.088
18.070	18.070	 1.000	 0.000	-0.011
18.080	18.080	 1.000	-0.001	-0.110
18.090	18.090	 1.000	-0.002	 0.088
18.100	18.100	 1.000	 0.000	-0.011
18.110	18.110	 1.000	-0.001	-0.110
18.120	18.120	 1.000	-0.002	 0.088
18.130	18.130	 1.000	 0.000	-0.011
18.140	18.140	 1.000	-0.001	-0.110
18.150	18.150	 1.000	-0.002	 0.088
18.160	18.160	 1.000	 0.000	-0.011
18.170	18.170	 1.000	-0.001	-0.110
18.180	18.180	 1.000	-0.002	 0.088
18.190	18.190	 1.000	 0.000	-0.011
18.200	18.200	 1.000	-0.001	-0.110
18.210	18.210	 1.000	-0.002	 0.088
18.220	18.220	 1.000	 0.000	-0.011
18.230	18.230	 1.000	-0.001	-0.110
18.240	18.240	 1.000	-0.002	 0.088
18.250	18.250	 1.000	 0.000	-0.011
18.260	18.260	 1.000	-0.001	-0.110
18.270	18.270	 1.000	-0.002	 0.088
18.280	18.280	 1.000	 0.000	-0.011
18.290	18.290	 1.000	-0.001	-0.110
18.300	18.300	 1.000	-0.002	 0.088
18.310	18.310	 1.000	 0.000	-0.011
18.320	18.320	 1.000	-0.001	-0.110
18.330	18.330	 1.000	-0.002	 0.088
18.340	18.340	 1.000	 0.000	-0.011
18.350	18.350	 1.000	-0.001	-0.110
18.360	18.360	 1.000	-0.002	 0.088
18.370	18.370	 1.000	 0.000	-0.011
18.380	18.380	 1.000	-0.001	-0.110
18.390	18.390	 1.000	-0.002	 0.088
18.400	18.400	 1.000	 0.000	-0.011
18.410	18.410	 1.000	-0.001	-0.110
18.420	18.420	 1.000	-0.002	 0.088
18.430	18.430	 1.000	 0.000	-0.011
18.440	18.440	 1.000	-0.001	-0.110
18.450	18.450	 1.000	-0.002	 0.088
18.460	18.460	 1.000	 0.000	-0.011
18.470	18.470	 1.000	-0.001	-0.110
18.480	18.480	 1.000	-0.002	 0.088
18.490	18.490	 1.000	 0.000	-0.011
18.500	18.500	 1.000	-0.001	-0.110
18.510	18.510	 1.000	-0.002	 0.088
18.520	18.520	 1.000	 0.000	-0.011
18.530	18.530	 1.000	-0.001	-0.110
18.540	18.540	 1.000	-0.002	 0.088
18.550	18.550	 1.000	 0.000	-0.011
18.560	18.560	 1.000	-0.001	-0.110
18.570	18.570	 1.000	-0.002	 0.088
18.580	18.580	 1.000	 0.000	-0.011
18.590	18.590	 1.000	-0.001	-0.110
18.600	18.600	 1.000	-0.002	 0.088
18.610	18.610	 1.000	 0.000	-0.011
18.620	18.620	 1.000	-0.001	-0.110
18.630	18.630	 1.000	-0.002	 0.088
18.640	18.640	 1.000	 0.000	-0.011
18.650	18.650	 1.000	-0.001	-0.110
18.660	18.660	 1.000	-0.002	 0.088
18.670	18.670	 1.000	 0.000	-0.011
18.680	18.680	 1.000	-0.001	-0.110
18.690	18.690	 1.000	-0.002	 0.088
18.700	18.700	 1.000	 0.000	-0.011
18.710	18.710	 1.000	-0.001	-0.110
18.720	18.720	 1.000	-0.002	 0.088
18.730	18.730	 1.000	 0.000	-0.011
18.740	18.740	 1.000	-0.001	-0.110
18.750	18.750	 1.000	-0.002	 0.088
18.760	18.760	 1.000	 0.000	-0.011
18.770	18.770	 1.000	-0.001	-0.110
18.780	18.780	 1.000	-0.002	 0.088
18.790	18.790	 1.000	 0.000	-0.011
18.800	18.800	 1.000	-0.001	-0.110
18.810	18.810	 1.000	-0.002	 0.088
18.820	18.820	 1.000	 0.000	-0.011
18.830	18.830	 1.000	-0.001	-0.110
18.840	18.840	 1.000	-0.002	 0.088
18.850	18.850	 1.000	 0.000	-0.011
18.860	18.860	 1.000	-0.001	-0.110
18.870	18.870	 1.000	-0.002	 0.088
18.880	18.880	 1.000	 0.000	-0.011
18.890	18.890	 1.000	-0.001	-0.110
18.900	18.900	 1.000	-0.002	 0.088
18.910	18.910	 1.000	 0.000	-0.011
18.920	18.920	 1.000	-0.001	-0.110
18.930	18.930	 1.000	-0.002	 0.088
18.940	18.940	 1.000	 0.000	-0.011
18.950	18.950	 1.000	-0.001	-0.110
18.960	18.960	 1.000	-0.002	 0.088
18.970	18.970	 1.000	 0.000	-0.011
18.980	18.980	 1.000	-0.001	-0.110
18.990	18.990	 1.000	-0.002	 0.088
19.000	19.000	 1.000	 0.000	-0.011
19.010	19.010	 1.000	-0.001	-0.110
19.020	19.020	 1.000	-0.002	 0.088
19.030	19.030	 1.000	 0.000	-0.011
19.040	19.040	 1.000	-0.001	-0.110
19.050	19.050	 1.000	-0.002	 0.088
19.060	19.060	 1.000	 0.000	-0.011
19.070	19.070	 1.000	-0.001	-0.110
19.080	19.080	 1.000	-0.002	 0.088
19.090	19.090	 1.000	 0.000	-0.011
19.100	19.100	 1.000	-0.001	-0.110
19.110	19.110	 1.000	-0.002	 0.088
19.120	19.120	 1.000	 0.000	-0.011
19.130	19.130	 1.000	-0.001	-0.110
19.140	19.140	 1.000	-0.002	 0.088
19.150	19.150	 1.000	 0.000	-0.011
19.160	19.160	 1.000	-0.001	-0.110
19.170	19.170	 1.000	-0.002	 0.088
19.180	19.180	 1.000	 0.000	-0.011
19.190	19.190	 1.000	-0.001	-0.110
19.200	19.200	 1.000	-0.002	 0.088
19.210	19.210	 1.000	 0.000	-0.011
19.220	19.220	 1.000	-0.001	-0.110
19.230	19.230	 1.000	-0.002	 0.088
19.240	19.240	 1.000	 0.000	-0.011
19.250	19.250	 1.000	-0.001	-0.110
19.260	19.260	 1.000	-0.002	 0.088
19.270	19.270	 1.000	 0.000	-0.011
19.280	19.280	 1.000	-0.001	-0.110
19.290	19.290	 1.000	-0.002	 0.088
19.300	19.300	 1.000	 0.000	-0.011
19.310	19.310	 1.000	-0.001	-0.110
19.320	19.320	 1.000	-0.002	 0.088
19.330	19.330	 1.000	 0.000	-0.011
19.340	19.340	 1.000	-0.001	-0.110
19.350	19.350	 1.000	-0.002	 0.088
19.360	19.360	 1.000	 0.000	-0.011
19.370	19.370	 1.000	-0.001	-0.110
19.380	19.380	 1.000	-0.002	 0.088
19.390	19.390	 1.000	 0.000	-0.011
19.400	19.400	 1.000	-0.001	-0.110
19.410	19.410	 1.000	-0.002	 0.088
19.420	19.420	 1.000	 0.000	-0.011
19.430	19.430	 1.000	-0.001	-0.110
19.440	19.440	 1.000	-0.002	 0.088
19.450	19.450	 1.000	 0.000	-0.011
19.460	19.460	 1.000	-0.001	-0.110
19.470	19.470	 1.000	-0.002	 0.088
19.480	19.480	 1.000	 0.000	-0.011
19.490	19.490	 1.000	-0.001	-0.110
19.500	19.500	 1.000	-0.002	 0.088
19.510	19.510	 1.000	 0.000	-0.011
19.520	19.520	 1.000	-0.001	-0.110
19.530	19.530	 1.000	-0.002	 0.088
19.540	19.540	 1.000	 0.000	-0.011
19.550	19.550	 1.000	-0.001	-0.110
19.560	19.560	 1.000	-0.002	 0.088
19.570	19.570	 1.000	 0.000	-0.011
19.580	19.580	 1.000	-0.001	-0.110
19.590	19.590	 1.000	-0.002	 0.088
19.600	19.600	 1.000	 0.000	-0.011
19.610	19.610	 1.000	-0.001	-0.110
19.620	19.620	 1.000	-0.002	 0.088
19.630	19.630	 1.000	 0.000	-0.011
19.640	19.640	 1.000	-0.001	-0.110
19.650	19.650	 1.000	-0.002	 0.088
19.660	19.660	 1.000	 0.000	-0.011
19.670	19.670	 1.000	-0.001	-0.110
19.680	19.680	 1.000	-0.002	 0.088
19.690	19.690	 1.000	 0.000	-0.011
19.700	19.700	 1.000	-0.001	-0.110
19.710	19.710	 1.000	-0.002	 0.088
19.720	19.720	 1.000	 0.000	-0.011
19.730	19.730	 1.000	-0.001	-0.110
19.740	19.740	 1.000	-0.002	 0.088
19.750	19.750	 1.000	 0.000	-0.011
19.760	19.760	 1.000	-0.001	-0.110
19.770	19.770	 1.000	-0.002	 0.088
19.780	19.780	 1.000	 0.000	-0.011
19.790	19.790	 1.000	-0.001	-0.110
19.800	19.800	 1.000	-0.002	 0.088
19.810	19.810	 1.000	 0.000	-0.011
19.820	19.820	 1.000	-0.001	-0.110
19.830	19.830	 1.000	-0.002	 0.088
19.840	19.840	 1.000	 0.000	-0.011
19.850	19.850	 1.000	-0.001	-0.110
19.860	19.860	 1.000	-0.002	 0.088
19.870	19.870	 1.000	 0.000	-0.011
19.880	19.880	 1.000	-0.001	-0.110
19.890	19.890	 1.000	-0.002	 0.088
19.900	19.900	 1.000	 0.000	-0.011
19.910	19.910	 1.000	-0.001	-0.110
19.920	19.920	 1.000	-0.002	 0.088
19.930	19.930	 1.000	 0.000	-0.011
19.940	19.940	 1.000	-0.001	-0.110
19.950	19.950	 1.000	-0.002	 0.088
19.960	19.960	 1.000	 0.000	-0.011
19.970	19.970	 1.000	-0.001	-0.110
19.980	19.980	 1.000	-0.002	 0.088
19.990	19.990	 1.000	 0.000	-0.011
20.000	20.000	 1.000	-0.001	-0.110
20.010	20.010	 1.000	-0.002	 0.088
20.020	20.020	 1.000	 0.000	-0.011
20.030	20.030	 1.000	-0.001	-0.110
20.040	20.040	 1.000	-0.002	 0.088
20.050	20.050	 1.000	 0.000	-0.011
20.060	20.060	 1.000	-0.001	-0.110
20.070	20.070	 1.000	-0.002	 0.088
20.080	20.080	 1.000	 0.000	-0.011
20.090	20.090	 1.000	-0.001	-0.110
20.100	20.100	 1.000	-0.002	 0.088
20.110	20.110	 1.000	 0.000	-0.011
20.120	20.120	 1.000	-0.001	-0.110
20.130	20.130	 1.000	-0.002	 0.088
20.140	20.140	 1.000	 0.000	-0.011
20.150	20.150	 1.000	-0.001	-0.110
20.160	20.160	 1.000	-0.002	 0.088
20.170	20.170	 1.000	 0.000	-0.011
20.180	20.180	 1.000	-0.001	-0.110
20.190	20.190	 1.000	-0.002	 0.088
20.200	20.200	 1.000	 0.000	-0.011
20.210	20.210	 1.000	-0.001	-0.110
20.220	20.220	 1.000	-0.002	 0.088
20.230	20.230	 1.000	 0.000	-0.011
20.240	20.240	 1.000	-0.001	-0.110
20.250	20.250	 1.000	-0.002	 0.088
20.260	20.260	 1.000	 0.000	-0.011
20.270	20.270	 1.000	-0.001	-0.110
20.280	20.280	 1.000	-0.002	 0.088
20.290	20.290	 1.000	 0.000	-0.011
20.300	20.300	 1.000	-0.001	-0.110
20.310	20.310	 1.000	-0.002	 0.088
20.320	20.320	 1.000	 0.000	-0.011
20.330	20.330	 1.000	-0.001	-0.110
20.340	20.340	 1.000	-0.002	 0.088
20.350	20.350	 1.000	 0.000	-0.011
20.360	20.360	 1.000	-0.001	-0.110
20.370	20.370	 1.000	-0.002	 0.088
20.380	20.380	 1.000	 0.000	-0.011
20.390	20.390	 1.000	-0.001	-0.110
20.400	20.400	 1.000	-0.002	 0.088
20.410	20.410	 1.000	 0.000	-0.011
20.420	20.420	 1.000	-0.001	-0.110
20.430	20.430	 1.000	-0.002	 0.088
20.440	20.440	 1.000	 0.000	-0.011
20.450	20.450	 1.000	-0.001	-0.110
20.460	20.460	 1.000	-0.002	 0.088
20.470	20.470	 1.000	 0.000	-0.011
20.480	20.480	 1.000	-0.001	-0.110
20.490	20.490	 1.000	-0.002	 0.088
20.500	20.500	 1.000	 0.000	-0.011
20.510	20.510	 1.000	-0.001	-0.110
20.520	20.520	 1.000	-0.002	 0.088
20.530	20.530	 1.000	 0.000	-0.011
20.540	20.540	 1.000	-0.001	-0.110
20.550	20.550	 1.000	-0.002	 0.088
20.560	20.560	 1.000	 0.000	-0.011
20.570	20.570	 1.000	-0.001	-0.110
20.580	20.580	 1.000	-0.002	 0.088
20.590	20.590	 1.000	 0.000	-0.011
20.600	20.600	 1.000	-0.001	-0.110
20.610	20.610	 1.000	-0.002	 0.088
20.620	20.620	 1.000	 0.000	-0.011
20.630	20.630	 1.000	-0.001	-0.110
20.640	20.640	 1.000	-0.002	 0.088
20.650	20.650	 1.000	 0.000	-0.011
20.660	20.660	 1.000	-0.001	-0.110
20.670	20.670	 1.000	-0.002	 0.088
20.680	20.680	 1.000	 0.000	-0.011
20.690	20.690	 1.000	-0.001	-0.110
20.700	20.700	 1.000	-0.002	 0.088
20.710	20.710	 1.000	 0.000	-0.011
20.720	20.720	 1.000	-0.001	-0.110
20.730	20.730	 1.000	-0.002	 0.088
20.740	20.740	 1.000	 0.000	-0.011
20.750	20.750	 1.000	-0.001	-0.110
20.760	20.760	 1.000	-0.002	 0.088
20.770	20.770	 1.000	 0.000	-0.011
20.780	20.780	 1.000	-0.001	-0.110
20.790	20.790	 1.000	-0.002	 0.088
20.800	20.800	 1.000	 0.000	-0.011
20.810	20.810	 1.000	-0.001	-0.110
20.820	20.820	 1.000	-0.002	 0.088
20.830	20.830	 1.000	 0.000	-0.011
20.840	20.840	 1.000	-0.001	-0.110
20.850	20.850	 1.000	-0.002	 0.088
20.860	20.860	 1.000	 0.000	-0.011
20.870	20.870	 1.000	-0.001	-0.110
20.880	20.880	 1.000	-0.002	 0.088
20.890	20.890	 1.000	 0.000	-0.011
20.900	20.900	 1.000	-0.001	-0.110
20.910	20.910	 1.000	-0.002	 0.088
20.920	20.920	 1.000	 0.000	-0.011
20.930	20.930	 1.000	-0.001	-0.110
20.940	20.940	 1.000	-0.002	 0.088
20.950	20.950	 1.000	 0.000	-0.011
20.960	20.960	 1.000	-0.001	-0.110
20.970	20.970	 1.000	-0.002	 0.088
20.980	20.980	 1.000	 0.000	-0.011
20.990	20.990	 1.000	-0.001	-0.110
21.000	21.000	 1.000	-0.002	 0.088
21.010	21.010	 1.000	 0.000	-0.011
21.020	21.020	 1.000	-0.001	-0.110
21.030	21.030	 1.000	-0.002	 0.088
21.040	21.040	 1.000	 0.000	-0.011
21.050	21.050	 1.000	-0.001	-0.110
21.060	21.060	 1.000	-0.002	 0.088
21.070	21.070	 1.000	 0.000	-0.011
21.080	21.080	 1.000	-0.001	-0.110
21.090	21.090	 1.000	-0.002	 0.088
21.100	21.100	 1.000	 0.000	-0.011
21.110	21.110	 1.000	-0.001	-0.110
21.120	21.120	 1.000	-0.002	 0.088
21.130	21.130	 1.000	 0.000	-0.011
21.140	21.140	 1.000	-0.001	-0.110
21.150	21.150	 1.000	-0.002	 0.088
21.160	21.160	 1.000	 0.000	-0.011
21.170	21.170	 1.000	-0.001	-0.110
21.180	21.180	 1.000	-0.002	 0.088
21.190	21.190	 1.000	 0.000	-0.011
21.200	21.200	 1.000	-0.001	-0.110
21.210	21.210	 1.000	-0.002	 0.088
21.220	21.220	 1.000	 0.000	-0.011
21.230	21.230	 1.000	-0.001	-0.110
21.240	21.240	 1.000	-0.002	 0.088
21.250	21.250	 1.000	 0.000	-0.011
21.260	21.260	 1.000	-0.001	-0.110
21.270	21.270	 1.000	-0.002	 0.088
21.280	21.280	 1.000	 0.000	-0.011
21.290	21.290	 1.000	-0.001	-0.110
21.300	21.300	 1.000	-0.002	 0.088
21.310	21.310	 1.000	 0.000	-0.011
21.320	21.320	 1.000	-0.001	-0.110
21.330	21.330	 1.000	-0.002	 0.088
21.340	21.340	 1.000	 0.000	-0.011
21.350	21.350	 1.000	-0.001	-0.110
21.360	21.360	 1.000	-0.002	 0.088
21.370	21.370	 1.000	 0.000	-0.011
21.380	21.380	 1.000	-0.001	-0.110
21.390	21.390	 1.000	-0.002	 0.088
21.400	21.400	 1.000	 0.000	-0.011
21.410	21.410	 1.000	-0.001	-0.110
21.420	21.420	 1.000	-0.002	 0.088
21.430	21.430	 1.000	 0.000	-0.011
21.440	21.440	 1.000	-0.001	-0.110
21.450	21.450	 1.000	-0.002	 0.088
21.460	21.460	 1.000	 0.000	-0.011
21.470	21.470	 1.000	-0.001	-0.110
21.480	21.480	 1.000	-0.002	 0.088
21.490	21.490	 1.000	 0.000	-0.011
21.500	21.500	 1.000	-0.001	-0.110
21.510	21.510	 1.000	-0.002	 0.088
21.520	21.520	 1.000	 0.000	-0.011
21.530	21.530	 1.000	-0.001	-0.110
21.540	21.540	 1.000	-0.002	 0.088
21.550	21.550	 1.000	 0.000	-0.011
21.560	21.560	 1.000	-0.001	-0.110
21.570	21.570	 1.000	-0.002	 0.088
21.580	21.580	 1.000	 0.000	-0.011
21.590	21.590	 1.000	-0.001	-0.110
21.600	21.600	 1.000	-0.002	 0.088
21.610	21.610	 1.000	 0.000	-0.011
21.620	21.620	 1.000	-0.001	-0.110
21.630	21.630	 1.000	-0.002	 0.088
21.640	21.640	 1.000	 0.000	-0.011
21.650	21.650	 1.000	-0.001	-0.110
21.660	21.660	 1.000	-0.002	 0.088
21.670	21.670	 1.000	 0.000	-0.011
21.680	21.680	 1.000	-0.001	-0.110
21.690	21.690	 1.000	-0.002	 0.088
21.700	21.700	 1.000	 0.000	-0.011
21.710	21.710	 1.000	-0.001	-0.110
21.720	21.720	 1.000	-0.002	 0.088
21.730	21.730	 1.000	 0.000	-0.011
21.740	21.740	 1.000	-0.001	-0.110
21.750	21.750	 1.000	-0.002	 0.088
21.760	21.760	 1.000	 0.000	-0.011
21.770	21.770	 1.000	-0.001	-0.110
21.780	21.780	 1.000	-0.002	 0.088
21.790	21.790	 1.000	 0.000	-0.011
21.800	21.800	 1.000	-0.001	-0.110
21.810	21.810	 1.000	-0.002	 0.088
21.820	21.820	 1.000	 0.000	-0.011
21.830	21.830	 1.000	-0.001	-0.110
21.840	21.840	 1.000	-0.002	 0.088
21.850	21.850	 1.000	 0.000	-0.011
21.860	21.860	 1.000	-0.001	-0.110
21.870	21.870	 1.000	-0.002	 0.088
21.880	21.880	 1.000	 0.000	-0.011
21.890	21.890	 1.000	-0.001	-0.110
21.900	21.900	 1.000	-0.002	 0.088
21.910	21.910	 1.000	 0.000	-0.011
21.920	21.920	 1.000	-0.001	-0.110
21.930	21.930	 1.000	-0.002	 0.088
21.940	21.940	 1.000	 0.000	-0.011
21.950	21.950	 1.000	-0.001	-0.110
21.960	21.960	 1.000	-0.002	 0.088
21.970	21.970	 1.000	 0.000	-0.011
21.980	21.980	 1.000	-0.001	-0.110
21.990	21.990	 1.000	-0.002	 0.088
22.000	22.000	 1.000	 0.000	-0.011
22.010	22.010	 1.000	-0.001	-0.110
22.020	22.020	 1.000	-0.002	 0.088
22.030	22.030	 1.000	 0.000	-0.011
22.040	22.040	 1.000	-0.001	-0.110
22.050	22.050	 1.000	-0.002	 0.088
22.060	22.060	 1.000	 0.000	-0.011
22.070	22.070	 1.000	-0.001	-0.110
22.080	22.080	 1.000	-0.002	 0.088
22.090	22.090	 1.000	 0.000	-0.011
22.100	22.100	 1.000	-0.001	-0.110
22.110	22.110	 1.000	-0.002	 0.088
22.120	22.120	 1.000	 0.000	-0.011
22.130	22.130	 1.000	-0.001	-0.110
22.140	22.140	 1.000	-0.002	 0.088
22.150	22.150	 1.000	 0.000	-0.011
22.160	22.160	 1.000	-0.001	-0.110
22.170	22.170	 1.000	-0.002	 0.088
22.180	22.180	 1.000	 0.000	-0.011
22.190	22.190	 1.000	-0.001	-0.110
22.200	22.200	 1.000	-0.002	 0.088
22.210	22.210	 1.000	 0.000	-0.011
22.220	22.220	 1.000	-0.001	-0.110
22.230	22.230	 1.000	-0.002	 0.088
22.240	22.240	 1.000	 0.000	-0.011
22.250	22.250	 1.000	-0.001	-0.110
22.260	22.260	 1.000	-0.002	 0.088
22.270	22.270	 1.000	 0.000	-0.011
22.280	22.280	 1.000	-0.001	-0.110
22.290	22.290	 1.000	-0.002	 0.088
22.300	22.300	 1.000	 0.000	-0.011
22.310	22.310	 1.000	-0.001	-0.110
22.320	22.320	 1.000	-0.002	 0.088
22.330	22.330	 1.000	 0.000	-0.011
22.340	22.340	 1.000	-0.001	-0.110
22.350	22.350	 1.000	-0.002	 0.088
22.360	22.360	 1.000	 0.000	-0.011
22.370	22.370	 1.000	-0.001	-0.110
22.380	22.380	 1.000	-0.002	 0.088
22.390	22.390	 1.000	 0.000	-0.011
22.400	22.400	 1.000	-0.001	-0.110
22.410	22.410	 1.000	-0.002	 0.088
22.420	22.420	 1.000	 0.000	-0.011
22.430	22.430	 1.000	-0.001	-0.110
22.440	22.440	 1.000	-0.002	 0.088
22.450	22.450	 1.000	 0.000	-0.011
22.460	22.460	 1.000	-0.001	-0.110
22.470	22.470	 1.000	-0.002	 0.088
22.480	22.480	 1.000	 0.000	-0.011
22.490	22.490	 1.000	-0.001	-0.110
22.500	22.500	 1.000	-0.002	 0.088
22.510	22.510	 1.000	 0.000	-0.011
22.520	22.520	 1.000	-0.001	-0.110
22.530	22.530	 1.000	-0.002	 0.088
22.540	22.540	 1.000	 0.000	-0.011
22.550	22.550	 1.000	-0.001	-0.110
22.560	22.560	 1.000	-0.002	 0.088
22.570	22.570	 1.000	 0.000	-0.011
22.580	22.580	 1.000	-0.001	-0.110
22.590	22.590	 1.000	-0.002	 0.088
22.600	22.600	 1.000	 0.000	-0.011
22.610	22.610	 1.000	-0.001	-0.110
22.620	22.620	 1.000	-0.002	 0.088
22.630	22.630	 1.000	 0.000	-0.011
22.640	22.640	 1.000	-0.001	-0.110
22.650	22.650	 1.000	-0.002	 0.088
22.660	22.660	 1.000	 0.000	-0.011
22.670	22.670	 1.000	-0.001	-0.110
22.680	22.680	 1.000	-0.002	 0.088
22.690	22.690	 1.000	 0.000	-0.011
22.700	22.700	 1.000	-0.001	-0.110
22.710	22.710	 1.000	-0.002	 0.088
22.720	22.720	 1.000	 0.000	-0.011
22.730	22.730	 1.000	-0.001	-0.110
22.740	22.740	 1.000	-0.002	 0.088
22.750	22.750	 1.000	 0.000	-0.011
22.760	22.760	 1.000	-0.001	-0.110
22.770	22.770	 1.000	-0.002	 0.088
22.780	22.780	 1.000	 0.000	-0.011
22.790	22.790	 1.000	-0.001	-0.110
22.800	22.800	 1.000	-0.002	 0.088
22.810	22.810	 1.000	 0.000	-0.011
22.820	22.820	 1.000	-0.001	-0.110
22.830	22.830	 1.000	-0.002	 0.088
22.840	22.840	 1.000	 0.000	-0.011
22.850	22.850	 1.000	-0.001	-0.110
22.860	22.860	 1.000	-0.002	 0.088
22.870	22.870	 1.000	 0.000	-0.011
22.880	22.880	 1.000	-0.001	-0.110
22.890	22.890	 1.000	-0.002	 0.088
22.900	22.900	 1.000	 0.000	-0.011
22.910	22.910	 1.000	-0.001	-0.110
22.920	22.920	 1.000	-0.002	 0.088
22.930	22.930	 1.000	 0.000	-0.011
22.940	22.940	 1.000	-0.001	-0.110
22.950	22.950	 1.000	-0.002	 0.088
22.960	22.960	 1.000	 0.000	-0.011
22.970	22.970	 1.000	-0.001	-0.110
22.980	22.980	 1.000	-0.002	 0.088
22.990	22.990	 1.000	 0.000	-0.011
23.000	23.000	 1.000	-0.001	-0.110
23.010	23.010	 1.000	-0.002	 0.088
23.020	23.020	 1.000	 0.000	-0.011
23.030	23.030	 1.000	-0.001	-0.110
23.040	23.040	 1.000	-0.002	 0.088
23.050	23.050	 1.000	 0.000	-0.011
23.060	23.060	 1.000	-0.001	-0.110
23.070	23.070	 1.000	-0.002	 0.088
23.080	23.080	 1.000	 0.000	-0.011
23.090	23.090	 1.000	-0.001	-0.110
23.100	23.100	 1.000	-0.002	 0.088
23.110	23.110	 1.000	 0.000	-0.011
23.120	23.120	 1.000	-0.001	-0.110
23.130	23.130	 1.000	-0.002	 0.088
23.140	23.140	 1.000	 0.000	-0.011
23.150	23.150	 1.000	-0.001	-0.110
23.160	23.160	 1.000	-0.002	 0.088
23.170	23.170	 1.000	 0.000	-0.011
23.180	23.180	 1.000	-0.001	-0.110
23.190	23.190	 1.000	-0.002	 0.088
23.200	23.200	 1.000	 0.000	-0.011
23.210	23.210	 1.000	-0.001	-0.110
23.220	23.220	 1.000	-0.002	 0.088
23.230	23.230	 1.000	 0.000	-0.011
23.240	23.240	 1.000	-0.001	-0.110
23.250	23.250	 1.000	-0.002	 0.088
23.260	23.260	 1.000	 0.000	-0.011
23.270	23.270	 1.000	-0.001	-0.110
23.280	23.280	 1.000	-0.002	 0.088
23.290	23.290	 1.000	 0.000	-0.011
23.300	23.300	 1.000	-0.001	-0.110
23.310	23.310	 1.000	-0.002	 0.088
23.320	23.320	 1.000	 0.000	-0.011
23.330	23.330	 1.000	-0.001	-0.110
23.340	23.340	 1.000	-0.002	 0.088
23.350	23.350	 1.000	 0.000	-0.011
23.360	23.360	 1.000	-0.001	-0.110
23.370	23.370	 1.000	-0.002	 0.088
23.380	23.380	 1.000	 0.000	-0.011
23.390	23.390	 1.000	-0.001	-0.110
23.400	23.400	 1.000	-0.002	 0.088
23.410	23.410	 1.000	 0.000	-0.011
23.420	23.420	 1.000	-0.001	-0.110
23.430	23.430	 1.000	-0.002	 0.088
23.440	23.440	 1.000	 0.000	-0.011
23.450	23.450	 1.000	-0.001	-0.110
23.460	23.460	 1.000	-0.002	 0.088
23.470	23.470	 1.000	 0.000	-0.011
23.480	23.480	 1.000	-0.001	-0.110
23.490	23.490	 1.000	-0.002	 0.088
23.500	23.500	 1.000	 0.000	-0.011
23.510	23.510	 1.000	-0.001	-0.110
23.520	23.520	 1.000	-0.002	 0.088
23.530	23.530	 1.000	 0.000	-0.011
23.540	23.540	 1.000	-0.001	-0.110
23.550	23.550	 1.000	-0.002	 0.088
23.560	23.560	 1.000	 0.000	-0.011
23.570	23.570	 1.000	-0.001	-0.110
23.580	23.580	 1.000	-0.002	 0.088
23.590	23.590	 1.000	 0.000	-0.011
23.600	23.600	 1.000	-0.001	-0.110
23.610	23.610	 1.000	-0.002	 0.088
23.620	23.620	 1.000	 0.000	-0.011
23.630	23.630	 1.000	-0.001	-0.110
23.640	23.640	 1.000	-0.002	 0.088
23.650	23.650	 1.000	 0.000	-0.011
23.660	23.660	 1.000	-0.001	-0.110
23.670	23.670	 1.000	-0.002	 0.088
23.680	23.680	 1.000	 0.000	-0.011
23.690	23.690	 1.000	-0.001	-0.110
23.700	23.700	 1.000	-0.002	 0.088
23.710	23.710	 1.000	 0.000	-0.011
23.720	23.720	 1.000	-0.001	-0.110
23.730	23.730	 1.000	-0.002	 0.088
23.740	23.740	 1.000	 0.000	-0.011
23.750	23.750	 1.000	-0.001	-0.110
23.760	23.760	 1.000	-0.002	 0.088
23.770	23.770	 1.000	 0.000	-0.011
23.780	23.780	 1.000	-0.001	-0.110
23.790	23.790	 1.000	-0.002	 0.088
23.800	23.800	 1.000	 0.000	-0.011
23.810	23.810	 1.000	-0.001	-0.110
23.820	23.820	 1.000	-0.002	 0.088
23.830	23.830	 1.000	 0.000	-0.011
23.840	23.840	 1.000	-0.001	-0.110
23.850	23.850	 1.000	-0.002	 0.088
23.860	23.860	 1.000	 0.000	-0.011
23.870	23.870	 1.000	-0.001	-0.110
23.880	23.880	 1.000	-0.002	 0.088
23.890	23.890	 1.000	 0.000	-0.011
23.900	23.900	 1.000	-0.001	-0.110
23.910	23.910	 1.000	-0.002	 0.088
23.920	23.920	 1.000	 0.000	-0.011
23.930	23.930	 1.000	-0.001	-0.110
23.940	23.940	 1.000	-0.002	 0.088
23.950	23.950	 1.000	 0.000	-0.011
23.960	23.960	 1.000	-0.001	-0.110
23.970	23.970	 1.000	-0.002	 0.088
23.980	23.980	 1.000	 0.000	-0.011
23.990	23.990	 1.000	-0.001	-0.110
24.000	24.000	 1.000	-0.002	 0.088
24.010	24.010	 1.000	 0.000	-0.011
24.020	24.020	 1.000	-0.001	-0.110
24.030	24.030	 1.000	-0.002	 0.088
24.040	24.040	 1.000	 0.000	-0.011
24.050	24.050	 1.000	-0.001	-0.110
24.060	24.060	 1.000	-0.002	 0.088
24.070	24.070	 1.000	 0.000	-0.011
24.080	24.080	 1.000	-0.001	-0.110
24.090	24.090	 1.000	-0.002	 0.088
24.100	24.100	 1.000	 0.000	-0.011
24.110	24.110	 1.000	-0.001	-0.110
24.120	24.120	 1.000	-0.002	 0.088
24.130	24.130	 1.000	 0.000	-0.011
24.140	24.140	 1.000	-0.001	-0.110
24.150	24.150	 1.000	-0.002	 0.088
24.160	24.160	 1.000	 0.000	-0.011
24.170	24.170	 1.000	-0.001	-0.110
24.180	24.180	 1.000	-0.002	 0.088
24.190	24.190	 1.000	 0.000	-0.011
24.200	24.200	 1.000	-0.001	-0.110
24.210	24.210	 1.000	-0.002	 0.088
24.220	24.220	 1.000	 0.000	-0.011
24.230	24.230	 1.000	-0.001	-0.110
24.240	24.240	 1.000	-0.002	 0.088
24.250	24.250	 1.000	 0.000	-0.011
24.260	24.260	 1.000	-0.001	-0.110
24.270	24.270	 1.000	-0.002	 0.088
24.280	24.280	 1.000	 0.000	-0.011
24.290	24.290	 1.000	-0.001	-0.110
24.300	24.300	 1.000	-0.002	 0.088
24.310	24.310	 1.000	 0.000	-0.011
24.320	24.320	 1.000	-0.001	-0.110
24.330	24.330	 1.000	-0.002	 0.088
24.340	24.340	 1.000	 0.000	-0.011
24.350	24.350	 1.000	-0.001	-0.110
24.360	24.360	 1.000	-0.002	 0.088
24.370	24.370	 1.000	 0.000	-0.011
24.380	24.380	 1.000	-0.001	-0.110
24.390	24.390	 1.000	-0.002	 0.088
24.400	24.400	 1.000	 0.000	-0.011
24.410	24.410	 1.000	-0.001	-0.110
24.420	24.420	 1.000	-0.002	 0.088
24.430	24.430	 1.000	 0.000	-0.011
24.440	24.440	 1.000	-0.001	-0.110
24.450	24.450	 1.000	-0.002	 0.088
24.460	24.460	 1.000	 0.000	-0.011
24.470	24.470	 1.000	-0.001	-0.110
24.480	24.480	 1.000	-0.002	 0.088
24.490	24.490	 1.000	 0.000	-0.011
24.500	24.500	 1.000	-0.001	-0.110
24.510	24.510	 1.000	-0.002	 0.088
24.520	24.520	 1.000	 0.000	-0.011
24.530	24.530	 1.000	-0.001	-0.110
24.540	24.540	 1.000	-0.002	 0.088
24.550	24.550	 1.000	 0.000	-0.011
24.560	24.560	 1.000	-0.001	-0.110
24.570	24.570	 1.000	-0.002	 0.088
24.580	24.580	 1.000	 0.000	-0.011
24.590	24.590	 1.000	-0.001	-0.110
24.600	24.600	 1.000	-0.002	 0.088
24.610	24.610	 1.000	 0.000	-0.011
24.620	24.620	 1.000	-0.001	-0.110
24.630	24.630	 1.000	-0.002	 0.088
24.640	24.640	 1.000	 0.000	-0.011
24.650	24.650	 1.000	-0.001	-0.110
24.660	24.660	 1.000	-0.002	 0.088
24.670	24.670	 1.000	 0.000	-0.011
24.680	24.680	 1.000	-0.001	-0.110
24.690	24.690	 1.000	-0.002	 0.088
24.700	24.700	 1.000	 0.000	-0.011
24.710	24.710	 1.000	-0.001	-0.110
24.720	24.720	 1.000	-0.002	 0.088
24.730	24.730	 1.000	 0.000	-0.011
24.740	24.740	 1.000	-0.001	-0.110
24.750	24.750	 1.000	-0.002	 0.088
24.760	24.760	 1.000	 0.000	-0.011
24.770	24.770	 1.000	-0.001	-0.110
24.780	24.780	 1.000	-0.002	 0.088
24.790	24.790	 1.000	 0.000	-0.011
24.800	24.800	 1.000	-0.001	-0.110
24.810	24.810	 1.000	-0.002	 0.088
24.820	24.820	 1.000	 0.000	-0.011
24.830	24.830	 1.000	-0.001	-0.110
24.840	24.840	 1.000	-0.002	 0.088
24.850	24.850	 1.000	 0.000	-0.011
24.860	24.860	 1.000	-0.001	-0.110
24.870	24.870	 1.000	-0.002	 0.088
24.880	24.880	 1.000	 0.000	-0.011
24.890	24.890	 1.000	-0.001	-0.110
24.900	24.900	 1.000	-0.002	 0.088
24.910	24.910	 1.000	 0.000	-0.011
24.920	24.920	 1.000	-0.001	-0.110
24.930	24.930	 1.000	-0.002	 0.088
24.940	24.940	 1.000	 0.000	-0.011
24.950	24.950	 1.000	-0.001	-0.110
24.960	24.960	 1.000	-0.002	 0.088
24.970	24.970	 1.000	 0.000	-0.011
24.980	24.980	 1.000	-0.001	-0.110
24.990	24.990	 1.000	-0.002	 0.088
